0 0.754167 0.208025 0.043750 0.083951
0 0.634028 0.212963 0.034028 0.059259
0 0.539236 0.084568 0.045833 0.088889
0 0.206944 0.051235 0.047917 0.088889
0 0.056250 0.574691 0.032639 0.054321
0 0.518403 0.650000 0.045833 0.081481
0 0.537847 0.696296 0.036111 0.070370
0 0.498611 0.752469 0.039583 0.069136
0 0.498958 0.871605 0.037500 0.077778
0 0.965972 0.814815 0.052083 0.082716
0 0.986111 0.733333 0.027083 0.080247
0 0.936806 0.850617 0.018750 0.035802
0 0.799653 0.877778 0.018056 0.030864
0 0.655903 0.903704 0.015278 0.030864
0 0.729167 0.774074 0.015972 0.028395
0 0.991146 0.451567 0.017708 0.092023
0 0.751042 0.087654 0.030556 0.048148
0 0.957639 0.010494 0.036806 0.017284
0 0.812500 0.169753 0.017361 0.032099
0 0.609028 0.394444 0.011806 0.024691
0 0.751736 0.419753 0.013889 0.023457
0 0.969792 0.353086 0.043056 0.077778
0 0.670833 0.665432 0.018750 0.028395
0 0.195486 0.808025 0.034722 0.066667
0 0.277778 0.763580 0.015972 0.022222
0 0.248116 0.990432 0.017760 0.019136
0 0.336111 0.112346 0.017361 0.023457
0 0.181944 0.335185 0.017361 0.024691
0 0.069792 0.383333 0.019444 0.032099
0 0.070139 0.512963 0.018750 0.024691
0 0.142361 0.756790 0.017361 0.018519
0 0.039583 0.832099 0.020139 0.035802
0 0.021875 0.801235 0.022222 0.048148
0 0.312847 0.682099 0.015278 0.024691
0 0.468403 0.609877 0.018056 0.028395
0 0.486111 0.600000 0.013194 0.033333
0 0.581597 0.645062 0.018056 0.034568
0 0.561111 0.245679 0.015972 0.025926
0 0.411458 0.256173 0.013889 0.027160
0 0.337500 0.314198 0.014583 0.019753
0 0.313889 0.295679 0.018750 0.027160
0 0.305903 0.387037 0.013889 0.019753
0 0.261806 0.447531 0.014583 0.019753
0 0.142361 0.406790 0.014583 0.027160
0 0.141667 0.295679 0.025694 0.029630
0 0.726736 0.193210 0.020833 0.054321
