0 0.243750 0.358025 0.047917 0.080247
0 0.767708 0.091975 0.059722 0.098765
0 0.462153 0.491975 0.036111 0.059259
0 0.296181 0.448148 0.045833 0.060494
0 0.211806 0.526543 0.034028 0.049383
0 0.104167 0.735185 0.028472 0.051852
0 0.049689 0.968827 0.036183 0.062346
0 0.009789 0.968827 0.018884 0.062346
0 0.135069 0.819136 0.019444 0.034568
0 0.354861 0.791358 0.015972 0.035802
0 0.434028 0.856790 0.034028 0.062963
0 0.411458 0.676543 0.015278 0.025926
0 0.406597 0.797531 0.018056 0.033333
0 0.239583 0.069136 0.027083 0.060494
0 0.259722 0.045062 0.021528 0.041975
0 0.364583 0.145679 0.040972 0.067901
0 0.267708 0.153086 0.029167 0.055556
0 0.191319 0.356173 0.023611 0.046914
0 0.399306 0.310494 0.035417 0.064198
0 0.468056 0.229012 0.032639 0.049383
0 0.432639 0.133333 0.032639 0.062963
0 0.629861 0.019136 0.028472 0.034568
0 0.709722 0.120988 0.025694 0.040741
0 0.773958 0.170370 0.022222 0.030864
