0 0.035417 0.329630 0.034028 0.055556
0 0.407292 0.358642 0.031944 0.064198
0 0.515972 0.291975 0.039583 0.074074
0 0.628819 0.284568 0.038889 0.059259
0 0.275347 0.220370 0.040278 0.041975
0 0.187847 0.213580 0.020833 0.038272
0 0.301389 0.667284 0.032639 0.056790
0 0.293056 0.597531 0.034028 0.055556
0 0.365972 0.602469 0.022917 0.040741
0 0.141667 0.830247 0.043750 0.059259
0 0.160305 0.992284 0.036582 0.015432
0 0.472401 0.980556 0.049662 0.038889
0 0.490278 0.927160 0.021528 0.055556
0 0.513194 0.940741 0.028472 0.067901
0 0.524653 0.707407 0.043056 0.065432
0 0.605556 0.701852 0.045139 0.076543
0 0.682292 0.693210 0.037500 0.051852
0 0.670486 0.861111 0.023611 0.041975
0 0.831944 0.964815 0.039583 0.066667
0 0.812153 0.793827 0.027778 0.043210
0 0.821875 0.654321 0.029167 0.050617
0 0.895833 0.616667 0.038194 0.056790
0 0.706250 0.510494 0.035417 0.059259
0 0.811806 0.470988 0.035417 0.051852
0 0.864236 0.083951 0.019444 0.025926
0 0.827778 0.154321 0.028472 0.028395
0 0.877083 0.032099 0.018750 0.023457
0 0.948264 0.067284 0.019444 0.022222
