0 0.434722 0.230247 0.036806 0.046914
0 0.606250 0.785185 0.029861 0.048148
0 0.734722 0.951235 0.040972 0.056790
0 0.574653 0.923457 0.031944 0.050617
0 0.960764 0.467284 0.037500 0.051852
0 0.758333 0.020370 0.038194 0.032099
0 0.755208 0.241975 0.019444 0.030864
0 0.633681 0.440741 0.027778 0.043210
0 0.319444 0.333951 0.028472 0.044444
0 0.192708 0.561728 0.029167 0.055556
0 0.207292 0.650617 0.033333 0.045679
0 0.158333 0.880864 0.021528 0.032099
0 0.167361 0.976543 0.022917 0.030864
0 0.084028 0.988889 0.024306 0.020988
0 0.065972 0.877778 0.025694 0.043210
0 0.100694 0.928395 0.021528 0.025926
0 0.128125 0.968519 0.022222 0.032099
0 0.094792 0.729630 0.025000 0.030864
0 0.502778 0.214815 0.018750 0.033333
0 0.499306 0.292593 0.025694 0.030864
0 0.088542 0.202469 0.023611 0.030864
0 0.308681 0.256790 0.025000 0.035802
