0 0.589931 0.297531 0.031944 0.053086
0 0.534722 0.691358 0.029861 0.048148
0 0.500000 0.748765 0.035417 0.059259
0 0.989410 0.975726 0.021181 0.046514
0 0.793056 0.435802 0.024306 0.043210
0 0.923611 0.153086 0.017361 0.028395
0 0.966667 0.239506 0.017361 0.028395
0 0.777431 0.397531 0.030556 0.048148
0 0.467708 0.075926 0.034722 0.056790
0 0.232292 0.103086 0.016667 0.029630
0 0.181944 0.338272 0.028472 0.048148
0 0.287153 0.373457 0.022222 0.037037
0 0.012847 0.077160 0.019444 0.032099
0 0.019444 0.335802 0.017361 0.025926
0 0.227083 0.630247 0.014583 0.019753
0 0.298958 0.633951 0.015278 0.017284
0 0.035069 0.583333 0.018056 0.029630
0 0.097569 0.595679 0.015278 0.027160
0 0.151389 0.617901 0.013194 0.027160
0 0.177778 0.425309 0.020139 0.024691
0 0.102083 0.035185 0.014583 0.019753
0 0.031250 0.027778 0.015972 0.027160
0 0.359722 0.311111 0.022917 0.045679
0 0.151736 0.579630 0.012500 0.022222
0 0.078472 0.645062 0.014583 0.029630
0 0.190972 0.625926 0.014583 0.023457
0 0.210069 0.629630 0.015278 0.025926
0 0.787847 0.356790 0.020833 0.030864
