0 0.500347 0.576543 0.043056 0.075309
0 0.779861 0.637654 0.042361 0.081481
0 0.828472 0.827160 0.024306 0.045679
0 0.987153 0.938272 0.025000 0.035802
0 0.993924 0.913028 0.012153 0.027290
0 0.934028 0.866667 0.029861 0.043210
0 0.465972 0.882716 0.040972 0.080247
0 0.489583 0.858025 0.020139 0.033333
0 0.477778 0.829630 0.017361 0.033333
0 0.444444 0.790123 0.024306 0.028395
0 0.448958 0.749383 0.022222 0.025926
0 0.479514 0.749383 0.019444 0.025926
0 0.490625 0.725926 0.015278 0.023457
0 0.393750 0.874691 0.031250 0.056790
0 0.329514 0.831481 0.048611 0.093827
0 0.257292 0.905556 0.036111 0.049383
0 0.393403 0.759259 0.037500 0.070370
0 0.402431 0.675309 0.038889 0.050617
0 0.402083 0.620988 0.028472 0.038272
0 0.409375 0.577778 0.037500 0.065432
0 0.360069 0.576543 0.029167 0.043210
0 0.340972 0.533951 0.024306 0.034568
0 0.243403 0.397531 0.048611 0.075309
0 0.054167 0.201852 0.040972 0.049383
0 0.892361 0.178395 0.017361 0.024691
0 0.812500 0.131481 0.021528 0.022222
