0 0.343056 0.224074 0.017361 0.029630
0 0.286111 0.273457 0.018750 0.024691
0 0.204861 0.172222 0.017361 0.029630
0 0.148264 0.091358 0.020833 0.035802
0 0.128472 0.093210 0.021528 0.041975
0 0.013542 0.028395 0.026389 0.050617
0 0.051389 0.127160 0.027083 0.045679
0 0.067361 0.153086 0.022917 0.038272
0 0.039236 0.337037 0.025000 0.035802
0 0.047569 0.865432 0.026389 0.040741
0 0.261458 0.748765 0.023611 0.029630
0 0.201736 0.632716 0.015278 0.019753
0 0.423264 0.777160 0.012500 0.022222
0 0.495833 0.596296 0.013194 0.023457
0 0.676042 0.495062 0.013889 0.025926
0 0.497917 0.518519 0.013194 0.025926
0 0.527778 0.558642 0.013194 0.024691
0 0.412153 0.667901 0.013889 0.028395
0 0.307292 0.316667 0.013889 0.029630
0 0.418750 0.701852 0.013194 0.019753
0 0.400000 0.560494 0.013194 0.018519
