0 0.132639 0.843210 0.024306 0.035802
0 0.109028 0.965432 0.018750 0.025926
0 0.333681 0.971605 0.019444 0.040741
0 0.526736 0.902469 0.020833 0.038272
0 0.563542 0.866049 0.019444 0.034568
0 0.670833 0.959259 0.020139 0.038272
0 0.721181 0.738889 0.019444 0.027160
0 0.831250 0.554321 0.017361 0.028395
0 0.964583 0.707407 0.021528 0.028395
0 0.673611 0.048765 0.021528 0.029630
0 0.624653 0.101235 0.015278 0.025926
0 0.673264 0.110494 0.012500 0.027160
0 0.574653 0.171605 0.018056 0.033333
0 0.479514 0.089506 0.020833 0.034568
