0 0.650000 0.262346 0.025694 0.037037
0 0.721528 0.038272 0.021528 0.040741
0 0.710417 0.069136 0.021528 0.038272
0 0.712153 0.119753 0.026389 0.028395
0 0.735069 0.161728 0.023611 0.038272
0 0.833333 0.258642 0.024306 0.032099
0 0.901389 0.190123 0.024306 0.033333
0 0.962847 0.547531 0.016667 0.034568
0 0.749306 0.759259 0.028472 0.040741
0 0.731597 0.712963 0.019444 0.029630
0 0.547917 0.732716 0.018750 0.022222
0 0.459722 0.653704 0.017361 0.022222
0 0.523264 0.640741 0.019444 0.028395
0 0.357639 0.496914 0.028472 0.044444
0 0.017708 0.562346 0.019444 0.032099
0 0.118750 0.881481 0.018750 0.025926
0 0.203012 0.987963 0.020607 0.024074
0 0.902083 0.145062 0.028472 0.024691
0 0.480903 0.606173 0.016667 0.023457
0 0.665972 0.593827 0.018750 0.025926
