0 0.777431 0.322840 0.033333 0.054321
0 0.714931 0.646914 0.050000 0.092593
0 0.700000 0.772840 0.035417 0.060494
0 0.440278 0.906173 0.020139 0.035802
0 0.246528 0.901235 0.024306 0.040741
0 0.064583 0.530247 0.045139 0.061728
0 0.214931 0.236420 0.031944 0.041975
0 0.283681 0.203704 0.022222 0.033333
0 0.469444 0.667284 0.028472 0.034568
0 0.434375 0.614198 0.013889 0.019753
0 0.425694 0.594444 0.014583 0.022222
0 0.405556 0.642593 0.024306 0.029630
0 0.408681 0.612963 0.016667 0.022222
0 0.285069 0.695679 0.023611 0.027160
