0 0.527778 0.445679 0.038194 0.075309
0 0.572569 0.635802 0.030556 0.060494
0 0.495833 0.679012 0.036806 0.060494
0 0.310764 0.238272 0.036111 0.053086
0 0.215625 0.048148 0.027778 0.050617
0 0.084375 0.014815 0.040278 0.023457
0 0.108681 0.132099 0.044444 0.062963
0 0.180903 0.843210 0.038889 0.075309
0 0.674653 0.021605 0.058333 0.041975
0 0.681597 0.076543 0.023611 0.038272
0 0.633333 0.086420 0.025694 0.043210
0 0.731944 0.198148 0.020139 0.037037
0 0.761806 0.407407 0.024306 0.040741
0 0.764236 0.540741 0.041667 0.080247
0 0.809028 0.920988 0.042361 0.067901
0 0.635417 0.883951 0.015972 0.030864
0 0.608333 0.685185 0.020139 0.025926
0 0.528472 0.738272 0.014583 0.028395
0 0.454514 0.679630 0.013889 0.027160
0 0.925000 0.237037 0.017361 0.028395
0 0.952431 0.122840 0.019444 0.037037
0 0.962500 0.014815 0.031250 0.028395
0 0.806597 0.017284 0.037500 0.033333
0 0.446528 0.146914 0.013194 0.030864
