0 0.385764 0.112963 0.020833 0.039506
0 0.369792 0.231481 0.023611 0.034568
0 0.386806 0.267284 0.021528 0.034568
0 0.326389 0.503704 0.022917 0.030864
0 0.187153 0.620988 0.025000 0.038272
0 0.582292 0.695679 0.025000 0.037037
0 0.562847 0.726543 0.022222 0.037037
0 0.606250 0.748765 0.022917 0.039506
0 0.427778 0.846914 0.021528 0.035802
0 0.409375 0.772840 0.020833 0.038272
0 0.243056 0.746296 0.021528 0.034568
0 0.501736 0.293210 0.026389 0.044444
0 0.605208 0.264198 0.020833 0.035802
0 0.572569 0.245062 0.022222 0.034568
0 0.249653 0.530864 0.027778 0.038272
0 0.632292 0.449383 0.019444 0.033333
0 0.767014 0.389506 0.025000 0.039506
0 0.973958 0.623457 0.022222 0.045679
0 0.761458 0.567901 0.019444 0.028395
0 0.648611 0.572840 0.025694 0.033333
0 0.740625 0.837037 0.027778 0.043210
0 0.767014 0.809259 0.019444 0.034568
