0 0.635417 0.389506 0.038194 0.069136
0 0.825000 0.210494 0.040972 0.071605
0 0.788542 0.764815 0.023611 0.044444
0 0.667708 0.740123 0.013889 0.022222
0 0.643056 0.756173 0.013194 0.022222
0 0.625000 0.711728 0.015972 0.017284
0 0.470833 0.520370 0.022917 0.041975
0 0.440972 0.925926 0.021528 0.033333
0 0.524306 0.920370 0.010417 0.027160
0 0.125347 0.816049 0.027778 0.048148
0 0.093056 0.941358 0.028472 0.054321
0 0.315972 0.720370 0.021528 0.039506
0 0.515972 0.425926 0.018750 0.033333
0 0.538889 0.189506 0.022917 0.041975
0 0.495486 0.300000 0.015278 0.033333
0 0.552083 0.307407 0.024306 0.048148
0 0.548611 0.695062 0.018750 0.033333
0 0.507292 0.396914 0.020833 0.034568
0 0.377778 0.814198 0.018750 0.029630
