0 0.238194 0.110494 0.050694 0.069136
0 0.476389 0.223457 0.032639 0.080247
0 0.706250 0.339506 0.025694 0.045679
0 0.704514 0.872840 0.038889 0.072840
0 0.748958 0.859877 0.020833 0.032099
0 0.971875 0.801852 0.020833 0.037037
0 0.763542 0.641975 0.034722 0.045679
0 0.728472 0.072222 0.027083 0.049383
0 0.750694 0.085185 0.025694 0.055556
0 0.521875 0.027778 0.041667 0.044444
0 0.435069 0.050000 0.036111 0.056790
0 0.338889 0.125926 0.027083 0.040741
0 0.978819 0.519753 0.025000 0.043210
0 0.895833 0.062963 0.021528 0.030864
0 0.796181 0.016667 0.025000 0.027160
0 0.798611 0.098148 0.017361 0.027160
0 0.832292 0.091358 0.016667 0.028395
0 0.685417 0.085185 0.020139 0.038272
0 0.660417 0.073457 0.015972 0.032099
0 0.508333 0.209877 0.018750 0.033333
0 0.602431 0.116049 0.015278 0.023457
0 0.538194 0.137037 0.015972 0.028395
0 0.337153 0.223457 0.029167 0.038272
0 0.565278 0.047531 0.013194 0.024691
0 0.563542 0.083951 0.013889 0.020988
