0 0.451042 0.411728 0.038889 0.064198
0 0.512153 0.527160 0.031944 0.062963
0 0.620275 0.984259 0.046801 0.031481
0 0.473958 0.925926 0.033333 0.055556
0 0.312847 0.951852 0.034722 0.055556
0 0.061458 0.517901 0.037500 0.054321
0 0.044097 0.840741 0.030556 0.053086
0 0.019444 0.853704 0.029861 0.044444
0 0.109028 0.825309 0.032639 0.049383
0 0.180556 0.868519 0.040972 0.064198
0 0.175347 0.919753 0.043056 0.060494
0 0.162847 0.552469 0.036111 0.059259
0 0.012847 0.056790 0.025000 0.109877
0 0.186806 0.070988 0.028472 0.044444
0 0.348611 0.179012 0.032639 0.050617
0 0.071875 0.117284 0.027778 0.048148
0 0.216667 0.071605 0.027083 0.045679
0 0.398611 0.756173 0.028472 0.051852
0 0.549306 0.774691 0.034028 0.054321
0 0.621875 0.746914 0.026389 0.048148
0 0.550000 0.840741 0.035417 0.065432
0 0.410417 0.847531 0.020139 0.034568
0 0.348958 0.828395 0.018056 0.035802
0 0.337153 0.854321 0.023611 0.030864
0 0.226042 0.569136 0.020833 0.033333
0 0.094792 0.677778 0.034722 0.055556
0 0.029514 0.285802 0.027778 0.049383
0 0.046528 0.362346 0.021528 0.032099
0 0.298264 0.613580 0.018056 0.033333
