0 0.105903 0.411728 0.051389 0.086420
0 0.282639 0.295062 0.038194 0.055556
0 0.448958 0.703704 0.026389 0.053086
0 0.327083 0.612963 0.043750 0.069136
0 0.187847 0.617284 0.023611 0.050617
0 0.114931 0.676543 0.030556 0.043210
0 0.090278 0.753086 0.029861 0.048148
0 0.085069 0.851852 0.025000 0.040741
0 0.285764 0.944444 0.023611 0.035802
0 0.528472 0.837037 0.035417 0.065432
0 0.527431 0.889506 0.031944 0.054321
0 0.708681 0.874074 0.018056 0.030864
0 0.776389 0.566049 0.045139 0.074074
0 0.282639 0.122840 0.025694 0.032099
0 0.259375 0.087037 0.020833 0.029630
0 0.541319 0.701852 0.061111 0.069136
0 0.193750 0.354321 0.029861 0.043210
