0 0.804861 0.564815 0.042361 0.064198
0 0.787847 0.650617 0.026389 0.045679
0 0.874653 0.928395 0.044444 0.048148
0 0.956250 0.922222 0.036806 0.045679
0 0.648611 0.303704 0.039583 0.048148
0 0.687500 0.288272 0.036806 0.046914
0 0.561806 0.090741 0.059028 0.101235
0 0.668750 0.030864 0.040972 0.058025
0 0.794444 0.024074 0.029861 0.041975
0 0.037500 0.301235 0.046528 0.124691
0 0.569444 0.248148 0.047917 0.082716
0 0.125694 0.946914 0.020139 0.028395
0 0.171875 0.827778 0.020833 0.037037
0 0.798958 0.756790 0.020833 0.028395
