0 0.384028 0.181481 0.024306 0.043210
0 0.389583 0.264198 0.022917 0.038272
0 0.362847 0.677778 0.023611 0.043210
0 0.294097 0.782716 0.023611 0.038272
0 0.243750 0.906173 0.017361 0.030864
0 0.572569 0.496296 0.026389 0.048148
0 0.633681 0.585802 0.025000 0.037037
0 0.663194 0.870988 0.025694 0.046914
0 0.759375 0.725926 0.020833 0.038272
0 0.498958 0.195679 0.019444 0.034568
0 0.809375 0.172222 0.025000 0.054321
0 0.831597 0.190123 0.027778 0.048148
0 0.481250 0.091975 0.015972 0.034568
0 0.622917 0.112346 0.018750 0.035802
0 0.707292 0.114815 0.018056 0.038272
0 0.798264 0.074074 0.025000 0.040741
0 0.808333 0.251235 0.015972 0.024691
0 0.837500 0.343210 0.014583 0.025926
0 0.952083 0.812963 0.015972 0.029630
0 0.992188 0.737500 0.015625 0.041667
0 0.993924 0.966358 0.012153 0.064815
0 0.909583 0.991667 0.021250 0.016667
0 0.980556 0.168519 0.029861 0.046914
0 0.961806 0.202469 0.021528 0.033333
0 0.909375 0.278395 0.018056 0.032099
0 0.899306 0.110494 0.013194 0.027160
0 0.988542 0.281481 0.013889 0.023457
0 0.652431 0.071605 0.018056 0.028395
0 0.726042 0.074074 0.018056 0.023457
0 0.516319 0.982716 0.013889 0.033333
0 0.480185 0.987963 0.016619 0.024074
0 0.619444 0.648148 0.021528 0.040741
0 0.510069 0.331481 0.022222 0.027160
0 0.588889 0.331481 0.013194 0.019753
0 0.729861 0.213580 0.020139 0.038272
