0 0.541667 0.941975 0.046528 0.077778
0 0.533333 0.838889 0.025694 0.037037
0 0.011458 0.948765 0.020833 0.093827
0 0.334375 0.816667 0.051389 0.086420
0 0.380903 0.648148 0.031944 0.053086
0 0.142708 0.516049 0.020833 0.038272
0 0.874653 0.347531 0.013889 0.027160
0 0.851736 0.391975 0.015278 0.024691
0 0.841667 0.352469 0.017361 0.032099
0 0.411458 0.574691 0.023611 0.037037
0 0.432639 0.613580 0.014583 0.030864
0 0.534028 0.756173 0.021528 0.046914
0 0.555208 0.801852 0.023611 0.041975
0 0.494097 0.795062 0.031944 0.050617
0 0.587153 0.936420 0.019444 0.034568
0 0.581391 0.987346 0.023200 0.025309
0 0.652257 0.987963 0.030208 0.024074
0 0.621875 0.940123 0.022222 0.041975
0 0.633681 0.912963 0.023611 0.037037
