0 0.512500 0.014198 0.018750 0.027160
0 0.506597 0.150617 0.015278 0.028395
0 0.554514 0.135802 0.018056 0.033333
0 0.536458 0.098765 0.025000 0.035802
0 0.616319 0.230864 0.029167 0.043210
0 0.586111 0.320988 0.018750 0.030864
0 0.556250 0.219753 0.020139 0.033333
0 0.521875 0.247531 0.015278 0.024691
0 0.623958 0.212346 0.023611 0.043210
0 0.626042 0.359877 0.020833 0.034568
0 0.628125 0.319753 0.016667 0.030864
0 0.593750 0.484568 0.022917 0.041975
0 0.579514 0.446296 0.018056 0.027160
0 0.594792 0.626543 0.026389 0.044444
0 0.749306 0.613580 0.017361 0.028395
0 0.736806 0.914198 0.027083 0.037037
0 0.624034 0.973148 0.032096 0.053704
0 0.796181 0.949383 0.020833 0.040741
0 0.814931 0.844444 0.013889 0.018519
0 0.835417 0.777778 0.011806 0.020988
0 0.962500 0.864815 0.015972 0.029630
0 0.951736 0.512346 0.016667 0.025926
0 0.951042 0.560494 0.015278 0.025926
0 0.871181 0.262346 0.019444 0.032099
0 0.896528 0.321605 0.017361 0.032099
0 0.939236 0.320988 0.018056 0.025926
0 0.517361 0.763580 0.013194 0.029630
0 0.508333 0.854938 0.015972 0.022222
0 0.497569 0.971605 0.033333 0.053086
0 0.361806 0.961111 0.017361 0.024691
0 0.651389 0.853704 0.014583 0.022222
0 0.693403 0.798148 0.012500 0.024691
0 0.698958 0.783333 0.011111 0.024691
0 0.632292 0.750000 0.012500 0.027160
0 0.598611 0.685802 0.014583 0.027160
0 0.565972 0.669136 0.014583 0.020988
0 0.626042 0.638272 0.013889 0.023457
0 0.647569 0.646296 0.013889 0.027160
0 0.568403 0.595062 0.020833 0.028395
0 0.690972 0.601852 0.014583 0.022222
0 0.661806 0.683951 0.017361 0.018519
0 0.756944 0.670988 0.017361 0.027160
0 0.772569 0.669753 0.015278 0.029630
0 0.771181 0.716667 0.019444 0.027160
0 0.767708 0.746914 0.011111 0.020988
0 0.770486 0.629012 0.013889 0.029630
0 0.739931 0.554938 0.019444 0.032099
0 0.836458 0.336420 0.020833 0.027160
0 0.815278 0.353086 0.015972 0.023457
0 0.736458 0.292593 0.016667 0.025926
0 0.760764 0.293210 0.015278 0.029630
0 0.833333 0.455556 0.032639 0.050617
0 0.801389 0.418519 0.017361 0.025926
0 0.792708 0.533333 0.033333 0.040741
0 0.969444 0.670370 0.014583 0.030864
0 0.982292 0.660494 0.015278 0.025926
0 0.984722 0.594444 0.017361 0.027160
