0 0.411111 0.337654 0.028472 0.041975
0 0.641319 0.271605 0.019444 0.033333
0 0.505208 0.851235 0.038889 0.059259
0 0.577431 0.967901 0.036111 0.062963
0 0.637153 0.858642 0.036111 0.054321
0 0.638889 0.804321 0.032639 0.056790
0 0.762901 0.977469 0.038996 0.045062
0 0.776042 0.886420 0.025000 0.043210
0 0.969097 0.654321 0.025000 0.040741
0 0.815278 0.945062 0.027083 0.041975
0 0.954861 0.871605 0.031250 0.045679
0 0.920139 0.445679 0.032639 0.048148
0 0.888194 0.405556 0.025694 0.039506
0 0.881597 0.552469 0.029167 0.037037
0 0.748264 0.100617 0.023611 0.037037
0 0.831944 0.174074 0.022917 0.028395
0 0.511806 0.166049 0.021528 0.039506
0 0.429167 0.274691 0.031250 0.046914
0 0.371181 0.401852 0.023611 0.037037
0 0.403472 0.436420 0.031250 0.051852
0 0.348611 0.637654 0.036806 0.066667
0 0.280903 0.659877 0.031944 0.059259
0 0.253472 0.866667 0.017361 0.030864
0 0.292361 0.829630 0.015972 0.033333
0 0.251736 0.772840 0.016667 0.030864
