0 0.543403 0.421605 0.034722 0.054321
0 0.516319 0.335185 0.027778 0.056790
0 0.638889 0.848765 0.032639 0.054321
0 0.952778 0.910494 0.029861 0.032099
0 0.960069 0.749383 0.031944 0.053086
0 0.979861 0.610494 0.034028 0.059259
0 0.325694 0.847531 0.020139 0.039506
0 0.324306 0.887037 0.027083 0.027160
0 0.297826 0.987346 0.032458 0.025309
0 0.261111 0.961111 0.021528 0.029630
0 0.425000 0.766049 0.018750 0.032099
0 0.326042 0.776543 0.023611 0.038272
0 0.346181 0.648148 0.029167 0.038272
0 0.190972 0.393210 0.025694 0.039506
0 0.234722 0.148765 0.029861 0.044444
0 0.252083 0.025309 0.028472 0.044444
0 0.191319 0.082099 0.025000 0.034568
0 0.151736 0.077778 0.022222 0.033333
0 0.120139 0.303086 0.020139 0.034568
0 0.036806 0.553704 0.027083 0.037037
0 0.075347 0.748765 0.029167 0.039506
0 0.167014 0.696296 0.025000 0.035802
0 0.152083 0.882716 0.027083 0.040741
0 0.123264 0.642593 0.026389 0.034568
0 0.395139 0.675309 0.018750 0.028395
0 0.340625 0.701235 0.029167 0.043210
0 0.169444 0.546914 0.021528 0.030864
0 0.319097 0.526543 0.018056 0.029630
0 0.661111 0.094444 0.025694 0.056790
0 0.634722 0.146914 0.036806 0.045679
0 0.873264 0.195679 0.023611 0.034568
0 0.915278 0.076543 0.020139 0.035802
0 0.772222 0.009877 0.031250 0.018519
