0 0.276042 0.208642 0.045833 0.080247
0 0.183333 0.461728 0.071528 0.102469
0 0.179861 0.545679 0.060417 0.090123
0 0.200000 0.100000 0.045139 0.077778
0 0.008333 0.130247 0.015972 0.037037
0 0.039931 0.863580 0.020833 0.032099
0 0.086458 0.836420 0.022222 0.027160
0 0.272917 0.753086 0.020139 0.030864
0 0.634722 0.743210 0.022917 0.045679
0 0.632292 0.546914 0.022222 0.035802
0 0.714931 0.220370 0.027778 0.044444
0 0.706597 0.256790 0.015278 0.028395
0 0.887153 0.447531 0.063889 0.103704
0 0.843056 0.913580 0.029861 0.053086
0 0.825000 0.850000 0.034028 0.056790
0 0.780208 0.767901 0.023611 0.033333
0 0.504167 0.915432 0.018750 0.032099
0 0.455556 0.840123 0.017361 0.019753
0 0.451736 0.821605 0.020833 0.027160
0 0.266319 0.655556 0.015278 0.028395
0 0.216319 0.635802 0.018056 0.028395
0 0.310069 0.546914 0.018056 0.023457
0 0.518403 0.021605 0.023611 0.029630
0 0.645486 0.024074 0.016667 0.027160
0 0.650000 0.217901 0.022917 0.029630
