0 0.625264 0.154243 0.030327 0.060947
0 0.710970 0.319503 0.023734 0.051571
0 0.764702 0.457220 0.044172 0.071496
0 0.814478 0.613104 0.021097 0.019925
0 0.939412 0.742030 0.019119 0.024613
0 0.991825 0.675809 0.014504 0.023441
0 0.572851 0.559775 0.019119 0.023441
0 0.500000 0.613104 0.022416 0.038678
0 0.427479 0.399789 0.023734 0.029301
0 0.407371 0.444913 0.027031 0.035162
0 0.288041 0.468940 0.030986 0.050398
0 0.081026 0.450774 0.030986 0.044538
0 0.185193 0.586732 0.020438 0.032818
0 0.152228 0.557431 0.024393 0.032818
0 0.155854 0.712729 0.022416 0.036334
0 0.123550 0.781880 0.015823 0.026957
0 0.094871 0.849859 0.021756 0.031646
0 0.551424 0.914323 0.017141 0.031646
0 0.630215 0.986756 0.016496 0.026489
0 0.764043 0.936592 0.015164 0.022269
0 0.782832 0.960033 0.015823 0.017581
0 0.631857 0.749648 0.023734 0.042194
0 0.340124 0.655298 0.038898 0.067979
