0 0.476042 0.235802 0.020833 0.028395
0 0.498264 0.151235 0.022222 0.027160
0 0.535764 0.218519 0.023611 0.025926
0 0.443056 0.287037 0.021528 0.022222
0 0.449306 0.316667 0.020139 0.027160
0 0.277431 0.483333 0.019444 0.022222
0 0.260069 0.541358 0.019444 0.027160
0 0.210069 0.485802 0.016667 0.024691
0 0.224653 0.494444 0.015278 0.024691
0 0.337500 0.082716 0.020139 0.023457
0 0.363889 0.061728 0.020139 0.030864
0 0.660764 0.698765 0.016667 0.023457
0 0.680556 0.583951 0.021528 0.025926
0 0.707986 0.485185 0.019444 0.023457
0 0.827431 0.708642 0.018056 0.023457
0 0.841667 0.169136 0.015972 0.020988
0 0.698611 0.050000 0.015972 0.029630
0 0.311458 0.929630 0.019444 0.028395
