0 0.672917 0.142593 0.050694 0.081481
0 0.704861 0.353086 0.031250 0.058025
0 0.529514 0.529012 0.037500 0.066667
0 0.460417 0.424074 0.020139 0.032099
0 0.419792 0.538272 0.019444 0.035802
0 0.440625 0.308642 0.020833 0.030864
0 0.399653 0.412963 0.015278 0.029630
0 0.868056 0.127160 0.031250 0.045679
0 0.981250 0.312963 0.024306 0.037037
0 0.939583 0.290123 0.022917 0.030864
0 0.985417 0.545679 0.025694 0.053086
0 0.981944 0.671605 0.032639 0.055556
0 0.976562 0.213934 0.046875 0.071078
0 0.634028 0.616049 0.014583 0.030864
0 0.565278 0.618519 0.025694 0.033333
0 0.553472 0.850617 0.011806 0.018519
0 0.577431 0.831481 0.013889 0.024691
0 0.334028 0.893827 0.017361 0.030864
0 0.217014 0.843827 0.025000 0.044444
0 0.011806 0.969753 0.021528 0.046914
0 0.375000 0.638889 0.024306 0.041975
0 0.409028 0.509259 0.020139 0.032099
0 0.429514 0.515432 0.016667 0.029630
