0 0.305556 0.372222 0.029861 0.056790
0 0.434722 0.547531 0.031250 0.051852
0 0.376736 0.950617 0.029167 0.050617
0 0.337407 0.993519 0.024119 0.012963
0 0.620486 0.603086 0.022222 0.039506
0 0.611458 0.641975 0.029167 0.043210
0 0.626389 0.680247 0.024306 0.038272
0 0.759028 0.374691 0.015972 0.029630
0 0.083681 0.122222 0.015278 0.033333
0 0.824306 0.365432 0.014583 0.028395
0 0.802431 0.446296 0.016667 0.022222
0 0.853125 0.862346 0.015278 0.024691
0 0.975000 0.930864 0.018750 0.028395
0 0.979167 0.600617 0.013194 0.029630
0 0.929514 0.259877 0.020833 0.034568
0 0.809722 0.193827 0.015972 0.030864
0 0.578125 0.203086 0.018056 0.034568
0 0.519792 0.203704 0.019444 0.035802
0 0.539931 0.126543 0.018056 0.027160
0 0.465278 0.111728 0.020139 0.039506
0 0.290278 0.284568 0.017361 0.041975
0 0.249306 0.074691 0.018750 0.039506
0 0.026389 0.054938 0.017361 0.032099
0 0.052778 0.132716 0.018750 0.024691
0 0.088194 0.319136 0.021528 0.034568
0 0.054861 0.408642 0.015972 0.025926
0 0.012847 0.605556 0.023611 0.049383
0 0.079861 0.845679 0.017361 0.023457
0 0.038542 0.841975 0.016667 0.020988
0 0.008333 0.446296 0.013194 0.022222
0 0.262847 0.441975 0.018056 0.030864
0 0.208681 0.552469 0.025000 0.044444
0 0.705903 0.014815 0.027778 0.028395
