0 0.180248 0.053446 0.043513 0.071496
0 0.328257 0.407407 0.049446 0.080872
0 0.729760 0.348805 0.041535 0.069151
0 0.829312 0.491796 0.041535 0.064463
0 0.987210 0.514651 0.015823 0.032818
0 0.989649 0.739887 0.020701 0.040253
0 0.809863 0.777778 0.040876 0.055087
0 0.823708 0.827004 0.032964 0.041022
0 0.572191 0.682841 0.019119 0.026957
0 0.658557 0.332982 0.023075 0.030474
0 0.477584 0.560947 0.013186 0.026957
0 0.458465 0.577942 0.018460 0.030474
0 0.326279 0.522855 0.016482 0.025785
0 0.258373 0.480661 0.013845 0.018753
0 0.114320 0.386896 0.019778 0.025785
0 0.081355 0.625996 0.030327 0.044538
0 0.247165 0.755509 0.032305 0.052743
0 0.198708 0.953000 0.018460 0.032818
0 0.425831 0.910220 0.012526 0.024613
0 0.445280 0.927215 0.011867 0.023441
0 0.444620 0.597281 0.013186 0.017581
0 0.930841 0.549812 0.015164 0.025785
0 0.943038 0.577942 0.014504 0.018753
0 0.213871 0.552157 0.018460 0.028129
