0 0.663542 0.324074 0.061111 0.113580
0 0.589583 0.740741 0.052083 0.102469
0 0.512847 0.901852 0.026389 0.046914
0 0.285764 0.879012 0.076389 0.132099
0 0.507986 0.729012 0.038889 0.074074
0 0.402083 0.622222 0.070139 0.129630
0 0.356250 0.740123 0.036806 0.061728
0 0.497222 0.554321 0.050694 0.100000
0 0.526736 0.598765 0.020833 0.033333
0 0.590972 0.625926 0.021528 0.038272
0 0.625694 0.639506 0.024306 0.033333
0 0.639236 0.617901 0.019444 0.027160
0 0.629861 0.752469 0.022917 0.032099
0 0.619792 0.725926 0.020833 0.038272
0 0.543056 0.350000 0.047917 0.086420
0 0.521528 0.460494 0.039583 0.070370
0 0.542361 0.461728 0.020139 0.053086
0 0.501042 0.397531 0.029167 0.043210
0 0.447222 0.267901 0.025694 0.033333
0 0.387500 0.181481 0.035417 0.050617
0 0.400000 0.137654 0.031250 0.051852
0 0.306597 0.024074 0.063889 0.046914
0 0.150347 0.163580 0.025000 0.041975
