0 0.673958 0.291358 0.026389 0.045679
0 0.748611 0.080864 0.020139 0.032099
0 0.448611 0.409877 0.018750 0.028395
0 0.282292 0.246296 0.025000 0.037037
0 0.250000 0.272840 0.025694 0.040741
0 0.115972 0.275309 0.027083 0.043210
0 0.173958 0.124691 0.030556 0.048148
0 0.227083 0.050617 0.021528 0.040741
0 0.294097 0.030864 0.023611 0.043210
0 0.102431 0.167901 0.023611 0.040741
0 0.131250 0.170988 0.024306 0.041975
0 0.105208 0.235802 0.025000 0.048148
0 0.049306 0.164815 0.013194 0.022222
0 0.052431 0.653086 0.026389 0.040741
0 0.010417 0.687037 0.020139 0.041975
0 0.128125 0.833951 0.022222 0.039506
0 0.152778 0.843210 0.021528 0.040741
0 0.160417 0.928395 0.020139 0.033333
0 0.147917 0.957407 0.017361 0.032099
0 0.093403 0.882716 0.016667 0.028395
0 0.319792 0.663580 0.023611 0.037037
0 0.333681 0.584568 0.019444 0.034568
0 0.241667 0.425309 0.022917 0.037037
0 0.272569 0.454938 0.022222 0.037037
0 0.850347 0.675926 0.030556 0.049383
0 0.862500 0.770370 0.031250 0.045679
0 0.654514 0.342593 0.022222 0.034568
0 0.627778 0.430864 0.020139 0.033333
0 0.607986 0.366667 0.019444 0.030864
0 0.682292 0.755556 0.016667 0.023457
0 0.730208 0.933333 0.016667 0.030864
0 0.672222 0.884568 0.021528 0.037037
0 0.653813 0.988580 0.016654 0.022840
0 0.692708 0.988272 0.018056 0.022222
0 0.524653 0.846914 0.018056 0.028395
0 0.456250 0.850000 0.017361 0.034568
0 0.492535 0.989198 0.021875 0.021605
0 0.500000 0.786420 0.014583 0.033333
0 0.550694 0.725926 0.014583 0.025926
0 0.581250 0.604938 0.015972 0.028395
0 0.453125 0.684568 0.019444 0.032099
0 0.429514 0.579630 0.013889 0.022222
0 0.424653 0.483333 0.016667 0.029630
0 0.443056 0.319136 0.015972 0.032099
0 0.277778 0.656790 0.021528 0.038272
0 0.238542 0.591975 0.015278 0.022222
0 0.052778 0.482099 0.028472 0.041975
0 0.175694 0.212346 0.018750 0.028395
0 0.254167 0.182716 0.024306 0.040741
