0 0.700422 0.502930 0.038238 0.056259
0 0.734705 0.621894 0.026371 0.041022
0 0.935786 0.978786 0.054061 0.042194
0 0.701606 0.978258 0.028740 0.043483
0 0.483188 0.861580 0.033623 0.056259
0 0.469673 0.904946 0.035601 0.063291
0 0.362540 0.713315 0.029668 0.048054
0 0.373418 0.844585 0.030327 0.052743
0 0.288370 0.526957 0.043513 0.064463
0 0.110694 0.133146 0.040216 0.069151
0 0.393196 0.080989 0.044831 0.086732
0 0.484507 0.054618 0.036261 0.064463
0 0.452202 0.149555 0.041535 0.085560
0 0.569554 0.092124 0.024393 0.041022
0 0.576477 0.379864 0.025053 0.046882
0 0.335179 0.238631 0.022416 0.045710
0 0.272547 0.379278 0.026371 0.038678
0 0.197719 0.362283 0.024393 0.051571
0 0.163436 0.402133 0.030986 0.044538
0 0.009494 0.167722 0.017141 0.058603
0 0.012460 0.798289 0.024393 0.098453
0 0.017921 0.971226 0.035314 0.057548
0 0.141680 0.833451 0.020438 0.037506
0 0.238594 0.889709 0.025712 0.042194
0 0.302545 0.859822 0.025712 0.050398
0 0.328257 0.577356 0.030986 0.048054
0 0.470662 0.589076 0.029668 0.055087
0 0.770965 0.857478 0.031646 0.057431
0 0.824037 0.856306 0.025712 0.045710
0 0.781184 0.913737 0.034942 0.059775
0 0.763054 0.910220 0.027690 0.045710
0 0.649657 0.803563 0.029008 0.048054
0 0.610759 0.553915 0.015823 0.026957
0 0.251780 0.318331 0.027031 0.048054
0 0.139702 0.429090 0.027031 0.042194
0 0.156843 0.458978 0.027031 0.043366
0 0.202664 0.508204 0.029008 0.041022
0 0.277822 0.483591 0.019778 0.033990
0 0.262329 0.460736 0.019119 0.032818
0 0.232331 0.491796 0.018460 0.031646
0 0.189148 0.517581 0.025712 0.043366
0 0.410008 0.665260 0.021756 0.029301
0 0.544172 0.771917 0.018460 0.029301
0 0.578455 0.968237 0.023734 0.051571
0 0.561643 0.933662 0.015164 0.029301
0 0.552743 0.964721 0.018460 0.032818
0 0.501319 0.951828 0.017141 0.035162
0 0.516482 0.927801 0.018460 0.031646
