0 0.656597 0.584568 0.062500 0.106173
0 0.558333 0.772840 0.042361 0.072840
0 0.953472 0.681481 0.059028 0.095062
0 0.823611 0.877778 0.031250 0.048148
0 0.727083 0.379012 0.042361 0.070370
0 0.964931 0.239506 0.069444 0.137037
0 0.971354 0.380810 0.057292 0.207298
0 0.107292 0.641975 0.023611 0.038272
0 0.251389 0.747531 0.018750 0.032099
0 0.197917 0.909259 0.020139 0.032099
0 0.486806 0.982099 0.027083 0.034568
0 0.756944 0.690123 0.021528 0.040741
0 0.823264 0.816049 0.034722 0.048148
0 0.490278 0.425926 0.099306 0.146914
0 0.629167 0.477160 0.038194 0.056790
0 0.736806 0.030864 0.032639 0.040741
0 0.843750 0.025309 0.063194 0.049383
0 0.228472 0.387654 0.032639 0.058025
0 0.149306 0.114815 0.020139 0.033333
0 0.075000 0.062963 0.018750 0.030864
0 0.357292 0.741975 0.013889 0.030864
0 0.360417 0.723457 0.010417 0.020988
0 0.378819 0.704938 0.013889 0.023457
0 0.382986 0.731481 0.013889 0.019753
0 0.425694 0.946914 0.021528 0.040741
0 0.338889 0.974074 0.014583 0.025926
0 0.922222 0.759259 0.027083 0.050617
0 0.858681 0.830864 0.023611 0.040741
0 0.903819 0.855556 0.025000 0.038272
