0 0.205903 0.172222 0.034722 0.066667
0 0.209375 0.275926 0.033333 0.064198
0 0.238194 0.283951 0.027083 0.058025
0 0.118056 0.666667 0.024306 0.040741
0 0.026042 0.536420 0.026389 0.029630
0 0.189583 0.737037 0.027083 0.038272
0 0.174653 0.024074 0.034722 0.046914
0 0.297569 0.098148 0.026389 0.039506
0 0.278125 0.220370 0.019444 0.027160
0 0.285417 0.668519 0.025694 0.029630
0 0.710069 0.838889 0.016667 0.027160
0 0.857986 0.626543 0.015278 0.029630
0 0.966319 0.827778 0.018056 0.022222
0 0.691667 0.490123 0.017361 0.025926
0 0.758333 0.420370 0.021528 0.027160
0 0.711458 0.458642 0.019444 0.029630
0 0.778125 0.469753 0.020833 0.024691
0 0.729514 0.497531 0.018056 0.020988
0 0.734375 0.458642 0.015278 0.022222
0 0.781250 0.093827 0.024306 0.033333
0 0.474306 0.310494 0.017361 0.027160
0 0.394097 0.258642 0.022222 0.029630
0 0.338194 0.293827 0.017361 0.025926
0 0.231944 0.553086 0.020139 0.025926
0 0.915278 0.427160 0.013194 0.028395
0 0.925694 0.409877 0.017361 0.018519
0 0.980208 0.443827 0.029167 0.029630
0 0.425000 0.310494 0.020139 0.022222
0 0.037500 0.485185 0.020139 0.018519
0 0.017361 0.367901 0.022917 0.033333
