0 0.190467 0.112635 0.016482 0.028129
0 0.150251 0.182958 0.016482 0.025785
0 0.058940 0.066338 0.019778 0.019925
0 0.097178 0.015940 0.013186 0.022269
0 0.316390 0.010080 0.015164 0.019925
0 0.705367 0.163619 0.079773 0.141819
0 0.833927 0.184716 0.067906 0.104313
0 0.735034 0.017112 0.024393 0.024613
0 0.881065 0.062822 0.032964 0.050398
0 0.958531 0.315401 0.034942 0.053915
0 0.827664 0.289030 0.026371 0.043366
0 0.770306 0.392757 0.038238 0.053915
0 0.875132 0.611346 0.050105 0.064463
0 0.990177 0.867440 0.019119 0.056259
0 0.958861 0.886193 0.019778 0.025785
0 0.843486 0.899086 0.018460 0.030474
0 0.587025 0.693390 0.034283 0.050398
0 0.565599 0.887951 0.049446 0.073840
0 0.400448 0.741444 0.017141 0.026957
0 0.279140 0.572082 0.018460 0.030474
0 0.158821 0.569151 0.019119 0.031646
0 0.118935 0.594351 0.019778 0.032818
0 0.044436 0.521097 0.017141 0.029301
0 0.093223 0.670534 0.022416 0.044538
0 0.071466 0.748476 0.023734 0.038678
0 0.121242 0.742030 0.019119 0.030474
0 0.110034 0.782466 0.016482 0.026957
0 0.154536 0.779536 0.013186 0.021097
0 0.151899 0.689287 0.018460 0.032818
0 0.306501 0.101500 0.012526 0.024613
0 0.478244 0.032349 0.014504 0.024613
0 0.457147 0.063994 0.013186 0.017581
0 0.625923 0.464838 0.046150 0.076184
0 0.660865 0.445499 0.031646 0.056259
0 0.605485 0.447843 0.031646 0.063291
0 0.566917 0.432607 0.021756 0.039850
0 0.117286 0.652954 0.019119 0.025785
0 0.113660 0.675223 0.017141 0.023441
0 0.028283 0.597281 0.015164 0.019925
0 0.021361 0.559189 0.017141 0.023441
0 0.117946 0.625996 0.024393 0.028129
0 0.015098 0.792429 0.011208 0.018753
0 0.025976 0.539264 0.017141 0.030474
0 0.534283 0.423230 0.029008 0.046882
