0 0.513542 0.177778 0.025000 0.038272
0 0.394792 0.656173 0.083333 0.148148
0 0.222222 0.518519 0.090972 0.141975
0 0.183333 0.338889 0.031250 0.044444
0 0.218750 0.361728 0.025694 0.038272
0 0.200694 0.136420 0.035417 0.054321
0 0.312153 0.168519 0.029167 0.054321
0 0.346528 0.213580 0.032639 0.050617
0 0.388542 0.199383 0.027778 0.051852
0 0.318403 0.447531 0.034722 0.049383
0 0.918750 0.589506 0.034028 0.049383
0 0.539236 0.909259 0.025000 0.044444
0 0.224306 0.755556 0.013194 0.020988
0 0.140972 0.688889 0.013194 0.018519
0 0.206944 0.808025 0.015972 0.024691
