0 0.531944 0.439506 0.025694 0.045679
0 0.613542 0.284568 0.020833 0.032099
0 0.713194 0.192593 0.028472 0.043210
0 0.787500 0.053086 0.027083 0.043210
0 0.922569 0.100617 0.026389 0.046914
0 0.912500 0.205556 0.022917 0.037037
0 0.854861 0.324074 0.020139 0.029630
0 0.823611 0.340741 0.015972 0.025926
0 0.753819 0.426543 0.018056 0.039506
0 0.610069 0.693210 0.026389 0.041975
0 0.861458 0.975926 0.023611 0.039506
0 0.508681 0.987654 0.027778 0.023457
0 0.445139 0.775309 0.022917 0.040741
0 0.301389 0.706790 0.038194 0.064198
0 0.348958 0.535185 0.040278 0.061728
0 0.494792 0.259877 0.031944 0.051852
0 0.605208 0.574074 0.019444 0.038272
0 0.659375 0.787654 0.020833 0.033333
0 0.512847 0.910494 0.013889 0.022222
0 0.930208 0.316667 0.018056 0.027160
