0 0.507986 0.159259 0.072222 0.092593
0 0.821181 0.196914 0.043056 0.064198
0 0.729167 0.345062 0.038194 0.059259
0 0.909028 0.654938 0.021528 0.034568
0 0.474653 0.418519 0.038889 0.062963
0 0.257639 0.584568 0.022917 0.034568
0 0.255903 0.850617 0.016667 0.033333
0 0.158681 0.656173 0.023611 0.044444
0 0.157986 0.569136 0.027778 0.048148
0 0.203472 0.528395 0.034028 0.058025
0 0.217014 0.583951 0.030556 0.043210
0 0.175000 0.032099 0.031250 0.050617
0 0.769097 0.103704 0.022222 0.043210
0 0.627431 0.312963 0.047222 0.056790
0 0.684722 0.206790 0.039583 0.049383
0 0.555903 0.853086 0.016667 0.030864
0 0.207639 0.945062 0.013194 0.022222
