0 0.681597 0.074074 0.033333 0.050617
0 0.845486 0.166049 0.031944 0.059259
0 0.965278 0.285185 0.059028 0.085185
0 0.974653 0.342593 0.048611 0.088889
0 0.810764 0.331481 0.027778 0.046914
0 0.764583 0.300000 0.025694 0.030864
0 0.730903 0.304938 0.022222 0.040741
0 0.616319 0.348765 0.022222 0.039506
0 0.645486 0.419136 0.022222 0.039506
0 0.655903 0.484568 0.018056 0.032099
0 0.656597 0.529630 0.022222 0.030864
0 0.597569 0.638272 0.031944 0.045679
0 0.646875 0.858642 0.056944 0.101235
0 0.529514 0.313580 0.020833 0.035802
0 0.417708 0.216667 0.025000 0.037037
0 0.429861 0.262346 0.025694 0.044444
0 0.409028 0.365432 0.021528 0.035802
0 0.483681 0.377778 0.016667 0.030864
0 0.522222 0.537037 0.034028 0.065432
0 0.507986 0.477778 0.023611 0.038272
0 0.505208 0.782716 0.051389 0.085185
0 0.413542 0.920370 0.061111 0.108642
0 0.341319 0.956173 0.044444 0.071605
0 0.364931 0.846914 0.026389 0.053086
0 0.312153 0.849383 0.037500 0.050617
0 0.198611 0.875926 0.054861 0.096296
0 0.242361 0.834568 0.029861 0.053086
0 0.153472 0.656790 0.020139 0.028395
0 0.044792 0.751235 0.040278 0.061728
0 0.009722 0.474074 0.017361 0.045679
0 0.064931 0.288272 0.019444 0.027160
0 0.038542 0.293827 0.020833 0.030864
0 0.147917 0.268519 0.017361 0.029630
