0 0.275347 0.142593 0.018056 0.032099
0 0.140278 0.165432 0.014583 0.028395
0 0.115625 0.262963 0.020833 0.040741
0 0.025694 0.326543 0.020139 0.034568
0 0.072569 0.381481 0.016667 0.028395
0 0.022222 0.458025 0.017361 0.028395
0 0.041667 0.557407 0.017361 0.024691
0 0.068403 0.561111 0.018056 0.024691
0 0.086458 0.601852 0.015278 0.019753
0 0.185069 0.612963 0.016667 0.027160
0 0.162847 0.507407 0.019444 0.023457
0 0.298958 0.201852 0.013889 0.029630
0 0.333333 0.202469 0.014583 0.025926
0 0.238194 0.237037 0.014583 0.025926
0 0.405556 0.212963 0.020139 0.027160
0 0.428472 0.149383 0.024306 0.040741
0 0.477778 0.050000 0.020139 0.037037
0 0.640278 0.442593 0.031250 0.049383
0 0.669097 0.308025 0.019444 0.037037
0 0.686806 0.212963 0.017361 0.029630
0 0.732292 0.091358 0.022222 0.035802
0 0.722222 0.058025 0.015972 0.033333
0 0.826389 0.487654 0.021528 0.030864
0 0.560417 0.888272 0.020139 0.039506
0 0.721875 0.966667 0.019444 0.038272
0 0.501042 0.815432 0.019444 0.034568
0 0.417014 0.680864 0.018056 0.032099
0 0.356944 0.919753 0.014583 0.020988
0 0.201736 0.840741 0.019444 0.035802
0 0.129861 0.829630 0.021528 0.043210
0 0.078472 0.790123 0.013194 0.023457
0 0.564583 0.437654 0.022917 0.032099
0 0.644444 0.532099 0.029861 0.050617
0 0.665972 0.535802 0.022917 0.045679
0 0.692708 0.478395 0.020833 0.032099
0 0.729514 0.362346 0.015278 0.022222
0 0.746528 0.437037 0.015972 0.030864
0 0.655556 0.842593 0.020139 0.039506
0 0.584722 0.710494 0.017361 0.032099
0 0.395486 0.517284 0.015278 0.025926
0 0.426042 0.519753 0.012500 0.020988
0 0.426736 0.561111 0.018056 0.022222
0 0.359375 0.592593 0.012500 0.025926
0 0.197569 0.522222 0.015278 0.023457
0 0.203819 0.562963 0.018056 0.023457
0 0.174653 0.568519 0.015278 0.027160
0 0.217361 0.641975 0.013194 0.018519
0 0.126389 0.717284 0.015972 0.020988
0 0.258333 0.354321 0.015972 0.028395
0 0.184722 0.422222 0.025694 0.035802
0 0.140625 0.447531 0.023611 0.037037
0 0.542708 0.301852 0.016667 0.027160
0 0.770139 0.189506 0.021528 0.029630
0 0.646181 0.174074 0.026389 0.045679
0 0.589583 0.287654 0.024306 0.040741
0 0.875694 0.721605 0.020139 0.034568
0 0.609375 0.862346 0.022222 0.029630
0 0.773958 0.482716 0.019444 0.025926
