0 0.554861 0.537654 0.025694 0.046914
0 0.714583 0.795062 0.024306 0.040741
0 0.879167 0.932099 0.021528 0.033333
0 0.868056 0.622840 0.015972 0.022222
0 0.803819 0.657407 0.019444 0.024691
0 0.864583 0.681481 0.018750 0.028395
0 0.965278 0.342593 0.022917 0.041975
0 0.916667 0.114815 0.027083 0.045679
0 0.827431 0.209877 0.020833 0.025926
0 0.717361 0.186420 0.017361 0.033333
0 0.740278 0.341975 0.022917 0.035802
0 0.594444 0.402469 0.025694 0.045679
0 0.813889 0.483951 0.017361 0.030864
0 0.811806 0.438272 0.018750 0.030864
