0 0.545833 0.201852 0.045139 0.051852
0 0.174306 0.890123 0.017361 0.035802
0 0.901736 0.900000 0.040278 0.065432
0 0.681944 0.486420 0.021528 0.035802
0 0.340278 0.160494 0.018750 0.025926
0 0.417708 0.761111 0.020833 0.034568
0 0.381250 0.803086 0.022917 0.034568
0 0.765972 0.582099 0.032639 0.037037
0 0.878125 0.366049 0.026389 0.044444
0 0.959722 0.275309 0.029861 0.040741
0 0.954514 0.542593 0.027778 0.039506
0 0.758333 0.538272 0.024306 0.033333
0 0.403125 0.914815 0.022222 0.035802
0 0.862500 0.261728 0.018750 0.033333
0 0.292361 0.041358 0.017361 0.029630
