0 0.087847 0.572222 0.015278 0.022222
0 0.086806 0.653704 0.011806 0.024691
0 0.293056 0.540741 0.015972 0.020988
0 0.664583 0.817284 0.020139 0.028395
0 0.676389 0.841975 0.018750 0.030864
0 0.692708 0.894444 0.019444 0.037037
0 0.739931 0.863580 0.018056 0.037037
0 0.728819 0.921605 0.020833 0.037037
0 0.801042 0.557407 0.023611 0.041975
0 0.786806 0.653704 0.021528 0.032099
0 0.775694 0.546914 0.021528 0.038272
0 0.808333 0.331481 0.028472 0.039506
0 0.856597 0.301852 0.025000 0.046914
0 0.872222 0.322840 0.022917 0.041975
0 0.993576 0.115800 0.012847 0.040241
0 0.983333 0.482716 0.032639 0.045679
0 0.986458 0.745679 0.025000 0.055556
0 0.890972 0.630247 0.015972 0.032099
0 0.826736 0.611728 0.022222 0.029630
0 0.125347 0.615432 0.015278 0.014815
