0 0.295139 0.088889 0.045139 0.058025
0 0.443403 0.202469 0.034722 0.055556
0 0.394444 0.057407 0.021528 0.034568
0 0.316667 0.016667 0.020139 0.029630
0 0.684028 0.277778 0.022917 0.043210
0 0.714583 0.368519 0.034028 0.066667
0 0.719097 0.545062 0.029167 0.056790
0 0.651389 0.603704 0.022917 0.038272
0 0.558333 0.822222 0.014583 0.033333
0 0.982986 0.717901 0.031944 0.061728
0 0.970833 0.403086 0.036806 0.051852
0 0.931597 0.225309 0.019444 0.027160
0 0.775000 0.268519 0.020139 0.029630
0 0.574653 0.067901 0.020833 0.033333
0 0.609375 0.067284 0.026389 0.034568
0 0.462153 0.791358 0.043056 0.043210
0 0.851736 0.974074 0.036111 0.050617
0 0.915278 0.838272 0.031250 0.055556
0 0.952431 0.532099 0.030556 0.050617
0 0.473958 0.164198 0.013889 0.018519
