0 0.775347 0.240123 0.025000 0.039506
0 0.746875 0.261728 0.022222 0.033333
0 0.746875 0.371605 0.029167 0.053086
0 0.568056 0.387654 0.028472 0.045679
0 0.276389 0.397531 0.018750 0.030864
0 0.276042 0.473457 0.019444 0.034568
0 0.420833 0.224691 0.020139 0.035802
0 0.456944 0.143827 0.018750 0.034568
0 0.450000 0.627778 0.027083 0.044444
0 0.474653 0.882099 0.041667 0.074074
0 0.136458 0.827778 0.029167 0.046914
0 0.063194 0.981481 0.022917 0.035802
0 0.144097 0.975926 0.019444 0.037037
0 0.192599 0.985494 0.024781 0.029012
0 0.204861 0.819136 0.028472 0.046914
0 0.195833 0.854938 0.027083 0.034568
0 0.283333 0.784568 0.028472 0.051852
0 0.265278 0.785802 0.025694 0.049383
0 0.267014 0.853086 0.023611 0.028395
0 0.218403 0.916667 0.027778 0.049383
0 0.283681 0.903086 0.034722 0.044444
0 0.359722 0.948148 0.029861 0.055556
0 0.377431 0.785185 0.026389 0.045679
0 0.328125 0.621605 0.030556 0.056790
0 0.274306 0.606173 0.032639 0.040741
0 0.306944 0.630247 0.022917 0.046914
0 0.291319 0.706173 0.027778 0.050617
0 0.112500 0.767901 0.027083 0.040741
0 0.017981 0.991049 0.015823 0.017901
0 0.701042 0.837654 0.043056 0.069136
0 0.740972 0.969136 0.028472 0.040741
0 0.661569 0.982407 0.029388 0.035185
0 0.604861 0.658642 0.040972 0.069136
0 0.828125 0.494444 0.026389 0.037037
0 0.590972 0.376543 0.017361 0.033333
0 0.631944 0.425309 0.014583 0.029630
0 0.487500 0.597531 0.025694 0.043210
0 0.310069 0.302469 0.018056 0.035802
