0 0.179861 0.188272 0.029861 0.049383
0 0.149306 0.200000 0.032639 0.045679
0 0.157292 0.483951 0.029167 0.045679
0 0.144444 0.637037 0.029861 0.050617
0 0.171181 0.629012 0.023611 0.041975
0 0.089236 0.793210 0.022222 0.037037
0 0.390278 0.647531 0.015972 0.032099
0 0.368403 0.652469 0.016667 0.024691
0 0.380903 0.695679 0.018056 0.029630
0 0.334028 0.900000 0.020139 0.038272
0 0.396181 0.917901 0.020833 0.032099
0 0.170139 0.558025 0.025694 0.043210
0 0.126736 0.601852 0.026389 0.041975
0 0.179514 0.432716 0.019444 0.032099
0 0.193750 0.343827 0.024306 0.037037
0 0.172917 0.300000 0.020139 0.030864
0 0.101389 0.216667 0.018750 0.032099
0 0.079861 0.145062 0.015972 0.027160
0 0.255208 0.430247 0.022222 0.034568
0 0.249306 0.633333 0.018750 0.028395
0 0.270833 0.636420 0.014583 0.027160
0 0.360764 0.592593 0.016667 0.028395
0 0.332986 0.370988 0.026389 0.039506
0 0.344792 0.275926 0.016667 0.029630
0 0.464931 0.247531 0.018056 0.032099
0 0.666667 0.154938 0.018750 0.032099
0 0.629167 0.264815 0.024306 0.039506
0 0.593403 0.316667 0.018056 0.032099
0 0.520486 0.308025 0.016667 0.024691
0 0.445139 0.320370 0.014583 0.022222
0 0.426389 0.338889 0.013194 0.027160
0 0.177522 0.991049 0.030738 0.017901
0 0.100347 0.896296 0.016667 0.023457
0 0.865972 0.566667 0.035417 0.055556
0 0.757986 0.542593 0.023611 0.034568
0 0.786111 0.534568 0.017361 0.028395
0 0.806944 0.540741 0.014583 0.028395
0 0.870833 0.661111 0.032639 0.051852
0 0.895486 0.667901 0.020833 0.050617
0 0.897917 0.593210 0.021528 0.032099
0 0.319792 0.787037 0.012500 0.024691
0 0.277083 0.850000 0.013194 0.022222
0 0.282986 0.872840 0.012500 0.023457
0 0.862500 0.285185 0.027083 0.043210
0 0.894792 0.315432 0.022222 0.032099
0 0.875000 0.414815 0.025694 0.038272
0 0.960069 0.548765 0.018056 0.029630
0 0.776389 0.825309 0.018750 0.034568
0 0.692361 0.930864 0.021528 0.038272
0 0.599653 0.780864 0.018056 0.029630
0 0.564236 0.793827 0.012500 0.023457
0 0.534375 0.681481 0.013889 0.023457
0 0.385764 0.608642 0.013889 0.020988
0 0.445486 0.449383 0.013889 0.025926
0 0.655556 0.272840 0.018750 0.035802
0 0.486111 0.306173 0.014583 0.025926
0 0.932639 0.156790 0.021528 0.030864
0 0.988194 0.292593 0.021528 0.033333
0 0.984028 0.355556 0.014583 0.023457
0 0.798958 0.397531 0.029167 0.040741
0 0.729514 0.400617 0.020833 0.027160
0 0.721875 0.574691 0.018056 0.024691
0 0.776736 0.651852 0.015278 0.028395
0 0.749653 0.661111 0.015278 0.027160
0 0.571528 0.608642 0.014583 0.025926
0 0.944097 0.193210 0.026389 0.037037
0 0.865278 0.977778 0.025694 0.035802
