0 0.400347 0.153086 0.023611 0.048148
0 0.471875 0.399383 0.022222 0.041975
0 0.556944 0.556790 0.039583 0.067901
0 0.664236 0.700617 0.036111 0.056790
0 0.763194 0.240741 0.021528 0.038272
0 0.938194 0.387037 0.020139 0.027160
0 0.988715 0.179405 0.022569 0.029181
0 0.975000 0.451235 0.022917 0.024691
0 0.897569 0.811728 0.041667 0.081481
0 0.677431 0.236420 0.018056 0.039506
0 0.719792 0.256173 0.018056 0.037037
0 0.620833 0.148148 0.017361 0.040741
0 0.398611 0.022840 0.025694 0.039506
0 0.388542 0.710494 0.026389 0.054321
0 0.306944 0.789506 0.025694 0.049383
0 0.200000 0.841358 0.034028 0.064198
0 0.208681 0.961728 0.015278 0.028395
0 0.187847 0.959259 0.016667 0.028395
0 0.166319 0.959877 0.016667 0.029630
0 0.122222 0.958642 0.015972 0.027160
0 0.101736 0.793827 0.020833 0.035802
0 0.123611 0.548148 0.014583 0.023457
0 0.166319 0.498765 0.018056 0.025926
0 0.155556 0.429630 0.015972 0.025926
0 0.193403 0.203086 0.018056 0.029630
0 0.151736 0.203704 0.016667 0.025926
0 0.098264 0.261728 0.016667 0.030864
0 0.123264 0.125926 0.016667 0.028395
0 0.176389 0.084568 0.015972 0.029630
0 0.291667 0.244444 0.024306 0.043210
0 0.048611 0.280864 0.013194 0.019753
0 0.114583 0.041975 0.017361 0.030864
0 0.128125 0.282099 0.012500 0.019753
0 0.151389 0.761111 0.018750 0.032099
0 0.058333 0.931481 0.015972 0.027160
