0 0.508333 0.812963 0.042361 0.069136
0 0.072569 0.779630 0.043056 0.066667
0 0.646181 0.270988 0.029167 0.044444
0 0.848611 0.348148 0.052083 0.085185
0 0.898264 0.324691 0.044444 0.065432
0 0.635417 0.028395 0.031250 0.050617
0 0.869444 0.126543 0.032639 0.046914
0 0.981597 0.134568 0.034722 0.053086
0 0.898958 0.395062 0.043056 0.060494
0 0.734028 0.861728 0.022917 0.040741
0 0.746528 0.732099 0.022917 0.033333
0 0.885069 0.277160 0.031944 0.051852
0 0.894444 0.228395 0.028472 0.043210
0 0.862153 0.164198 0.030556 0.045679
0 0.731250 0.157407 0.025694 0.041975
0 0.797569 0.094444 0.030556 0.041975
