0 0.489931 0.393827 0.044444 0.072840
0 0.216319 0.644444 0.047222 0.095062
0 0.097917 0.548765 0.025694 0.044444
0 0.012153 0.685802 0.020833 0.046914
0 0.197569 0.526543 0.026389 0.049383
0 0.172222 0.650617 0.027083 0.050617
0 0.479861 0.919753 0.018750 0.030864
0 0.494444 0.923457 0.014583 0.030864
0 0.585764 0.915432 0.020833 0.032099
0 0.788889 0.974074 0.020139 0.033333
0 0.893056 0.974074 0.047917 0.050617
0 0.944444 0.925926 0.035417 0.055556
0 0.973264 0.905556 0.033333 0.051852
0 0.848611 0.903704 0.031250 0.048148
0 0.874306 0.883333 0.027083 0.046914
0 0.851042 0.748765 0.036111 0.054321
0 0.940625 0.782099 0.018056 0.024691
0 0.713889 0.746914 0.018750 0.028395
0 0.652431 0.619136 0.020833 0.032099
0 0.630903 0.651235 0.036111 0.056790
0 0.520486 0.690741 0.013889 0.019753
0 0.582292 0.535802 0.016667 0.028395
0 0.648958 0.529012 0.041667 0.061728
0 0.722569 0.565432 0.018056 0.030864
0 0.830208 0.451235 0.031944 0.046914
0 0.560417 0.309259 0.031250 0.049383
0 0.186458 0.202469 0.034722 0.060494
0 0.235764 0.262963 0.033333 0.067901
0 0.273611 0.016667 0.022917 0.032099
0 0.330208 0.241975 0.016667 0.025926
0 0.238542 0.427160 0.054167 0.082716
0 0.295486 0.434568 0.025000 0.048148
0 0.286111 0.477778 0.031250 0.048148
0 0.195139 0.354938 0.020139 0.037037
0 0.611458 0.037654 0.034722 0.059259
0 0.703125 0.212346 0.034722 0.060494
0 0.846528 0.211111 0.028472 0.045679
0 0.892708 0.366049 0.048611 0.081481
0 0.741319 0.346914 0.031944 0.058025
0 0.992535 0.099987 0.014931 0.035776
0 0.844792 0.067284 0.016667 0.022222
0 0.748611 0.578395 0.018750 0.024691
0 0.739236 0.414198 0.013889 0.022222
0 0.756250 0.262963 0.015972 0.023457
0 0.731250 0.290123 0.014583 0.020988
0 0.702431 0.290123 0.012500 0.025926
0 0.662847 0.331481 0.011111 0.022222
0 0.792361 0.298148 0.011806 0.024691
0 0.818750 0.337037 0.014583 0.023457
0 0.941667 0.133333 0.013194 0.030864
0 0.965278 0.557407 0.020139 0.024691
0 0.937847 0.353086 0.022222 0.030864
