0 0.593750 0.582099 0.029861 0.046914
0 0.887153 0.698765 0.031944 0.043210
0 0.927431 0.233333 0.033333 0.038272
0 0.981771 0.241137 0.036458 0.046471
0 0.972569 0.972222 0.034722 0.034568
0 0.902686 0.988580 0.032456 0.022840
0 0.798958 0.948765 0.027778 0.032099
0 0.789931 0.925309 0.026389 0.027160
0 0.741319 0.756790 0.031944 0.033333
0 0.734722 0.711111 0.035417 0.035802
0 0.680556 0.621605 0.032639 0.027160
0 0.733333 0.534568 0.027083 0.030864
0 0.743750 0.510494 0.029861 0.027160
0 0.598958 0.800617 0.030556 0.041975
0 0.480556 0.644444 0.024306 0.030864
0 0.524306 0.635185 0.027083 0.032099
0 0.325694 0.767284 0.024306 0.037037
0 0.298264 0.769136 0.023611 0.030864
0 0.260764 0.792593 0.022222 0.025926
0 0.175347 0.824074 0.029167 0.032099
0 0.300694 0.643210 0.024306 0.023457
0 0.354861 0.654938 0.024306 0.032099
0 0.273264 0.683951 0.022222 0.025926
0 0.302431 0.031481 0.027778 0.034568
0 0.577778 0.198148 0.028472 0.034568
0 0.704167 0.190123 0.032639 0.035802
0 0.669444 0.212963 0.028472 0.034568
0 0.765972 0.380247 0.022917 0.025926
0 0.750347 0.398765 0.019444 0.025926
0 0.777778 0.405556 0.027083 0.032099
0 0.355208 0.345679 0.026389 0.025926
0 0.301389 0.552469 0.025694 0.022222
0 0.280208 0.601852 0.022222 0.024691
0 0.247917 0.548765 0.022917 0.029630
0 0.234375 0.514815 0.020833 0.023457
0 0.185069 0.588272 0.025000 0.029630
0 0.120486 0.762963 0.037500 0.033333
0 0.082639 0.933951 0.027083 0.032099
0 0.438542 0.636420 0.027778 0.032099
0 0.414583 0.123457 0.028472 0.023457
0 0.413194 0.149383 0.021528 0.025926
0 0.468750 0.056173 0.028472 0.029630
0 0.301042 0.323457 0.022222 0.023457
