0 0.506944 0.280864 0.024306 0.034568
0 0.463889 0.615432 0.020139 0.039506
0 0.457986 0.675926 0.019444 0.044444
0 0.419097 0.642593 0.022222 0.032099
0 0.408333 0.590741 0.018750 0.032099
0 0.398264 0.568519 0.018056 0.032099
0 0.534722 0.296914 0.027083 0.051852
0 0.549306 0.066049 0.025694 0.034568
0 0.578472 0.017284 0.027083 0.033333
0 0.607986 0.052469 0.025000 0.037037
0 0.552431 0.353086 0.022222 0.033333
0 0.664931 0.411111 0.034722 0.050617
0 0.675000 0.464198 0.029861 0.045679
0 0.828819 0.462346 0.026389 0.041975
0 0.863542 0.453086 0.027778 0.035802
0 0.870486 0.333951 0.029167 0.049383
0 0.785069 0.177160 0.034722 0.054321
0 0.799653 0.238889 0.031944 0.049383
0 0.780903 0.310494 0.040278 0.049383
0 0.927431 0.292593 0.026389 0.055556
