0 0.101042 0.311728 0.045833 0.083951
0 0.386806 0.259259 0.038194 0.067901
0 0.302778 0.698765 0.029861 0.050617
0 0.584722 0.346914 0.024306 0.045679
0 0.613889 0.342593 0.028472 0.044444
0 0.663194 0.309259 0.022917 0.039506
0 0.782292 0.317284 0.023611 0.038272
0 0.625694 0.069136 0.032639 0.043210
0 0.896528 0.018519 0.029861 0.035802
0 0.910764 0.170988 0.029167 0.044444
0 0.879861 0.564815 0.040972 0.061728
0 0.701736 0.496296 0.016667 0.028395
0 0.617361 0.129630 0.018750 0.028395
0 0.591319 0.144444 0.026389 0.030864
0 0.782639 0.462963 0.046528 0.072840
0 0.009722 0.354938 0.017361 0.039506
0 0.325000 0.124074 0.028472 0.054321
0 0.578125 0.032716 0.047222 0.056790
0 0.791667 0.255556 0.014583 0.030864
0 0.778125 0.220988 0.015278 0.030864
0 0.802083 0.183333 0.022917 0.034568
