0 0.163194 0.067284 0.032639 0.049383
0 0.165972 0.032099 0.022917 0.035802
0 0.194097 0.020370 0.020833 0.032099
0 0.281944 0.014815 0.017361 0.028395
0 0.101736 0.027778 0.030556 0.046914
0 0.067708 0.200617 0.023611 0.029630
0 0.158681 0.150617 0.022222 0.035802
0 0.554861 0.209877 0.039583 0.055556
0 0.630208 0.174074 0.038889 0.058025
0 0.939583 0.357407 0.071528 0.128395
0 0.956944 0.621605 0.029861 0.046914
0 0.723611 0.687037 0.025694 0.049383
0 0.615972 0.905556 0.045139 0.074074
0 0.867708 0.040741 0.040278 0.077778
0 0.450000 0.940123 0.024306 0.037037
0 0.422917 0.882716 0.013194 0.028395
0 0.415972 0.860494 0.013194 0.018519
0 0.326042 0.462346 0.019444 0.022222
0 0.267014 0.474074 0.018056 0.035802
