0 0.511806 0.183951 0.057639 0.077778
0 0.723611 0.622222 0.039583 0.050617
0 0.638889 0.652469 0.046528 0.071605
0 0.543750 0.835185 0.046528 0.069136
0 0.341319 0.874074 0.044444 0.062963
0 0.137153 0.359259 0.070833 0.080247
0 0.081944 0.516049 0.045139 0.060494
0 0.098958 0.696296 0.045833 0.060494
0 0.029861 0.709259 0.043750 0.064198
0 0.162847 0.779630 0.055556 0.066667
0 0.162500 0.835802 0.061806 0.067901
0 0.206920 0.986728 0.057589 0.026543
0 0.317708 0.806790 0.025000 0.027160
0 0.382639 0.714815 0.027083 0.038272
0 0.396875 0.683333 0.030556 0.029630
0 0.387500 0.620988 0.020139 0.035802
0 0.442361 0.634568 0.040972 0.053086
0 0.594792 0.339506 0.045833 0.060494
0 0.629514 0.154938 0.023611 0.029630
0 0.260764 0.398765 0.025000 0.038272
0 0.344097 0.446296 0.019444 0.024691
0 0.365972 0.819136 0.018750 0.032099
0 0.100000 0.237654 0.036806 0.041975
0 0.038889 0.322222 0.049306 0.055556
