0 0.299306 0.370988 0.022917 0.037037
0 0.310764 0.450000 0.019444 0.034568
0 0.255208 0.485185 0.016667 0.033333
0 0.332986 0.502469 0.020833 0.035802
0 0.375000 0.903704 0.029861 0.055556
0 0.372222 0.780247 0.022917 0.040741
0 0.761806 0.901235 0.029861 0.050617
0 0.752099 0.981790 0.027114 0.036420
0 0.718056 0.854321 0.027083 0.045679
0 0.630208 0.771605 0.027778 0.045679
0 0.601042 0.662346 0.023611 0.049383
0 0.713542 0.643827 0.030556 0.049383
0 0.830903 0.432099 0.022222 0.043210
0 0.956597 0.456790 0.030556 0.050617
0 0.807639 0.346296 0.022917 0.041975
0 0.700694 0.416049 0.024306 0.048148
0 0.668750 0.261111 0.021528 0.034568
0 0.596528 0.430864 0.014583 0.033333
0 0.585417 0.462963 0.014583 0.033333
0 0.744792 0.431481 0.019444 0.032099
0 0.861806 0.411111 0.013194 0.035802
0 0.218403 0.974691 0.019444 0.041975
0 0.254167 0.901235 0.018750 0.043210
0 0.524653 0.254321 0.020833 0.040741
