0 0.448958 0.325926 0.029167 0.053086
0 0.453472 0.419753 0.029861 0.050617
0 0.476042 0.424074 0.020833 0.044444
0 0.078472 0.024074 0.017361 0.034568
0 0.065972 0.261111 0.018750 0.029630
0 0.147569 0.095062 0.015278 0.030864
0 0.109722 0.091975 0.015972 0.032099
0 0.223264 0.103704 0.019444 0.033333
0 0.276042 0.051235 0.019444 0.039506
0 0.232292 0.020370 0.026389 0.039506
0 0.498611 0.212346 0.017361 0.035802
0 0.460764 0.056790 0.025000 0.048148
0 0.515972 0.112346 0.015972 0.030864
0 0.595833 0.094444 0.017361 0.034568
0 0.642708 0.161728 0.009722 0.018519
0 0.980903 0.169753 0.023611 0.039506
0 0.246875 0.608025 0.019444 0.032099
0 0.043403 0.133951 0.015278 0.027160
0 0.065625 0.114815 0.016667 0.025926
0 0.193056 0.524074 0.013194 0.024691
0 0.005556 0.790123 0.010417 0.035802
0 0.393403 0.806173 0.018056 0.035802
0 0.332986 0.737037 0.018056 0.035802
0 0.396181 0.345679 0.019444 0.035802
0 0.654514 0.396914 0.013889 0.029630
0 0.527083 0.390123 0.014583 0.028395
0 0.579167 0.350000 0.014583 0.027160
0 0.925000 0.537037 0.014583 0.023457
0 0.874653 0.566667 0.015278 0.023457
0 0.894792 0.930864 0.016667 0.028395
0 0.551736 0.865432 0.018056 0.030864
0 0.485764 0.751852 0.018056 0.035802
0 0.423611 0.629012 0.017361 0.029630
0 0.353472 0.382099 0.017361 0.024691
0 0.277431 0.443210 0.015278 0.020988
0 0.379167 0.212346 0.015972 0.033333
0 0.976736 0.556173 0.018056 0.029630
0 0.897917 0.533951 0.015972 0.022222
0 0.918750 0.576543 0.013194 0.023457
0 0.947569 0.497531 0.015278 0.028395
0 0.458333 0.782716 0.015972 0.028395
0 0.089931 0.669136 0.011111 0.018519
0 0.108333 0.593210 0.013194 0.022222
0 0.007986 0.496914 0.015278 0.029630
0 0.221528 0.382716 0.014583 0.020988
0 0.192708 0.348765 0.012500 0.027160
0 0.229514 0.442593 0.015278 0.024691
0 0.217708 0.451852 0.012500 0.023457
0 0.409028 0.174074 0.022917 0.043210
0 0.607292 0.399383 0.015278 0.019753
0 0.503472 0.538272 0.014583 0.025926
0 0.472569 0.321605 0.013889 0.034568
0 0.432639 0.347531 0.013194 0.029630
0 0.442014 0.679630 0.013889 0.029630
0 0.459028 0.816667 0.013194 0.024691
0 0.429514 0.900617 0.013889 0.022222
0 0.784028 0.769753 0.013194 0.019753
0 0.678819 0.582716 0.016667 0.025926
0 0.706250 0.629630 0.011806 0.023457
0 0.034028 0.582716 0.015972 0.023457
0 0.345486 0.253086 0.016667 0.025926
0 0.216319 0.127160 0.015278 0.023457
0 0.245139 0.551852 0.011806 0.023457
