0 0.209028 0.368519 0.027083 0.041975
0 0.222222 0.411728 0.027083 0.041975
0 0.200000 0.520370 0.021528 0.041975
0 0.326736 0.470988 0.025000 0.039506
0 0.279861 0.533951 0.021528 0.037037
0 0.089931 0.633333 0.019444 0.030864
0 0.304514 0.633333 0.022222 0.035802
0 0.307292 0.721605 0.033333 0.064198
0 0.290278 0.791358 0.024306 0.038272
0 0.207292 0.903086 0.027778 0.044444
0 0.394444 0.803086 0.025694 0.054321
0 0.459722 0.668519 0.018750 0.032099
0 0.447222 0.675926 0.014583 0.024691
0 0.446875 0.568519 0.020833 0.032099
0 0.419444 0.499383 0.020139 0.034568
0 0.467708 0.259877 0.033333 0.051852
0 0.614583 0.355556 0.031250 0.053086
0 0.555556 0.459259 0.021528 0.033333
0 0.521875 0.463580 0.025000 0.041975
0 0.588542 0.503086 0.025000 0.041975
0 0.695139 0.516667 0.050694 0.074074
0 0.705208 0.571605 0.047222 0.080247
0 0.770139 0.461111 0.036806 0.061728
0 0.877778 0.443827 0.038194 0.074074
0 0.944792 0.280864 0.047222 0.071605
0 0.939236 0.527160 0.033333 0.050617
0 0.945486 0.577778 0.029167 0.043210
0 0.892708 0.586420 0.033333 0.048148
0 0.932986 0.667284 0.022222 0.037037
0 0.962500 0.723457 0.028472 0.038272
0 0.891319 0.732716 0.027778 0.041975
0 0.870139 0.727160 0.027083 0.043210
0 0.842361 0.670988 0.029861 0.044444
0 0.855208 0.626543 0.029167 0.041975
0 0.823611 0.637654 0.029861 0.041975
0 0.762847 0.966049 0.025000 0.041975
