0 0.510764 0.218519 0.027778 0.050617
0 0.292014 0.253086 0.044444 0.072840
0 0.209375 0.280247 0.048611 0.080247
0 0.100694 0.688889 0.060417 0.092593
0 0.027083 0.585802 0.031250 0.054321
0 0.016319 0.512963 0.030556 0.064198
0 0.010069 0.169753 0.016667 0.081481
0 0.182292 0.204938 0.038889 0.067901
0 0.285069 0.425926 0.013889 0.023457
0 0.205208 0.484568 0.011111 0.022222
0 0.219097 0.564198 0.013889 0.020988
0 0.359375 0.708642 0.018056 0.025926
0 0.236806 0.889506 0.013194 0.022222
0 0.199306 0.915432 0.013194 0.027160
0 0.187153 0.910494 0.012500 0.022222
