0 0.262153 0.441975 0.025000 0.040741
0 0.535417 0.532716 0.022917 0.041975
0 0.644444 0.645062 0.027083 0.049383
0 0.616319 0.788889 0.020833 0.030864
0 0.735764 0.893827 0.023611 0.035802
0 0.782639 0.966049 0.025694 0.039506
0 0.729861 0.675926 0.017361 0.034568
0 0.666667 0.730864 0.020139 0.033333
0 0.438542 0.603086 0.025000 0.046914
0 0.478472 0.615432 0.018750 0.032099
0 0.549653 0.619136 0.019444 0.041975
0 0.425694 0.836420 0.027083 0.049383
0 0.356944 0.971605 0.027083 0.053086
0 0.310764 0.862963 0.030556 0.060494
0 0.311806 0.653086 0.022917 0.043210
0 0.311806 0.581481 0.021528 0.038272
0 0.120833 0.485802 0.028472 0.039506
0 0.019444 0.643827 0.021528 0.037037
0 0.041319 0.700617 0.019444 0.037037
0 0.241667 0.698148 0.015972 0.032099
0 0.132639 0.941975 0.020139 0.045679
