0 0.543750 0.480864 0.070139 0.113580
0 0.564583 0.679630 0.060417 0.091358
0 0.806250 0.560494 0.032639 0.050617
0 0.903125 0.558642 0.037500 0.054321
0 0.888889 0.397531 0.040972 0.050617
0 0.837847 0.161111 0.058333 0.079012
0 0.838194 0.235185 0.038194 0.059259
0 0.187847 0.037037 0.026389 0.043210
0 0.032639 0.188272 0.029861 0.051852
0 0.265972 0.243210 0.017361 0.028395
0 0.250347 0.253704 0.018056 0.024691
0 0.259375 0.193210 0.020833 0.032099
0 0.223958 0.112346 0.023611 0.033333
0 0.150000 0.361111 0.036806 0.051852
0 0.026389 0.530247 0.050694 0.123457
0 0.014931 0.811111 0.029167 0.077778
0 0.125694 0.912346 0.034028 0.055556
0 0.188542 0.688889 0.022222 0.033333
0 0.147222 0.798148 0.020139 0.041975
0 0.325347 0.736420 0.025000 0.041975
0 0.344792 0.918519 0.048611 0.080247
0 0.519444 0.959259 0.072917 0.077778
0 0.378147 0.981790 0.048655 0.036420
0 0.715625 0.574074 0.027778 0.048148
0 0.911806 0.342593 0.027083 0.034568
0 0.779167 0.183333 0.025694 0.041975
0 0.753472 0.136420 0.020139 0.032099
0 0.603819 0.495062 0.019444 0.033333
0 0.451389 0.767901 0.057639 0.092593
0 0.915972 0.806790 0.015972 0.029630
0 0.676736 0.602469 0.016667 0.025926
0 0.687153 0.671605 0.013889 0.028395
0 0.705208 0.670370 0.019444 0.030864
0 0.671181 0.177160 0.022222 0.054321
0 0.687500 0.166667 0.031250 0.045679
0 0.689236 0.188889 0.027778 0.030864
