0 0.474653 0.746914 0.054167 0.090123
0 0.485417 0.906790 0.047917 0.079012
0 0.703472 0.785802 0.025694 0.046914
0 0.778472 0.793210 0.029861 0.051852
0 0.910417 0.859877 0.038194 0.066667
0 0.892361 0.899383 0.045139 0.064198
0 0.768403 0.658025 0.034722 0.053086
0 0.709722 0.496914 0.040972 0.064198
0 0.732639 0.514815 0.025694 0.050617
0 0.553125 0.128395 0.036111 0.070370
0 0.849653 0.064198 0.050000 0.087654
0 0.917708 0.125926 0.052778 0.095062
0 0.334375 0.079012 0.029167 0.053086
0 0.032639 0.230247 0.029861 0.041975
0 0.022917 0.415432 0.027083 0.037037
0 0.164931 0.271605 0.022222 0.033333
0 0.259375 0.216667 0.025000 0.041975
0 0.692014 0.442593 0.022222 0.034568
0 0.741319 0.160494 0.025000 0.045679
0 0.900694 0.566049 0.039583 0.064198
0 0.631944 0.785185 0.021528 0.038272
0 0.267708 0.932099 0.023611 0.040741
0 0.057639 0.775926 0.061806 0.096296
0 0.126389 0.579012 0.028472 0.050617
0 0.196875 0.341975 0.022222 0.033333
0 0.334722 0.219753 0.047917 0.085185
0 0.333681 0.167284 0.047222 0.069136
0 0.304514 0.216667 0.025000 0.032099
0 0.222222 0.411728 0.021528 0.032099
0 0.397222 0.873457 0.017361 0.037037
0 0.392261 0.970062 0.040771 0.059877
0 0.605208 0.805556 0.013889 0.027160
0 0.613194 0.875309 0.018750 0.030864
0 0.612500 0.925926 0.024306 0.040741
0 0.577431 0.344444 0.027778 0.043210
0 0.610069 0.303704 0.030556 0.048148
0 0.671528 0.303086 0.022917 0.039506
0 0.656597 0.250000 0.027778 0.046914
0 0.669444 0.398765 0.021528 0.033333
0 0.594444 0.443827 0.022917 0.044444
0 0.609722 0.442593 0.022917 0.037037
0 0.556597 0.362346 0.026389 0.044444
0 0.966667 0.833333 0.017361 0.028395
0 0.978125 0.790123 0.018056 0.030864
0 0.975347 0.896914 0.018056 0.034568
0 0.918056 0.820370 0.021528 0.037037
0 0.364931 0.828395 0.016667 0.023457
0 0.009375 0.586420 0.018056 0.033333
0 0.010162 0.983642 0.019630 0.032716
