0 0.525382 0.124941 0.034942 0.057431
0 0.667128 0.433779 0.044172 0.075012
0 0.225409 0.657056 0.044172 0.073840
0 0.045754 0.720347 0.021097 0.031646
0 0.069818 0.589076 0.023075 0.033990
0 0.036854 0.556845 0.021756 0.032818
0 0.173985 0.455462 0.032305 0.050398
0 0.307819 0.430849 0.024393 0.033990
0 0.618341 0.298406 0.024393 0.050398
0 0.990968 0.371806 0.018064 0.040143
0 0.897218 0.648851 0.019119 0.026957
0 0.728441 0.586146 0.023075 0.032818
0 0.666469 0.679911 0.013845 0.023441
0 0.569225 0.703938 0.014504 0.022269
0 0.548128 0.743788 0.021097 0.033990
0 0.472310 0.909634 0.018460 0.028129
0 0.549117 0.975856 0.016482 0.029301
0 0.682951 0.913737 0.013845 0.022269
0 0.701411 0.936006 0.015164 0.022269
0 0.407371 0.601383 0.020438 0.035162
0 0.162777 0.515237 0.020438 0.036334
0 0.042787 0.648851 0.017801 0.026957
0 0.329905 0.379864 0.019778 0.028129
