0 0.777558 0.250352 0.042194 0.060947
0 0.914030 0.297820 0.029008 0.045710
0 0.981606 0.297820 0.017801 0.033990
0 0.897877 0.118495 0.017801 0.033990
0 0.831290 0.089194 0.025712 0.045710
0 0.846453 0.062236 0.024393 0.041022
0 0.786788 0.055790 0.017141 0.032818
0 0.708993 0.089194 0.027690 0.048054
0 0.654602 0.180614 0.023075 0.029301
0 0.517141 0.048172 0.027690 0.043366
0 0.576477 0.229841 0.017141 0.033990
0 0.592959 0.460150 0.017141 0.028129
0 0.478903 0.463080 0.018460 0.029301
0 0.590322 0.659400 0.017141 0.025785
0 0.590651 0.798875 0.017801 0.028129
0 0.624934 0.950656 0.024393 0.038678
0 0.500659 0.955931 0.052743 0.067979
0 0.343091 0.834037 0.051424 0.100797
0 0.194093 0.873301 0.027690 0.029301
0 0.319357 0.685771 0.059335 0.092593
0 0.163107 0.457806 0.025053 0.072668
0 0.513186 0.382208 0.017141 0.026957
