0 0.809722 0.350000 0.032639 0.044444
0 0.634375 0.200617 0.018056 0.037037
0 0.674306 0.112346 0.018750 0.035802
0 0.501736 0.380864 0.019444 0.034568
0 0.501042 0.451235 0.019444 0.034568
0 0.583333 0.592593 0.031250 0.053086
0 0.694444 0.597531 0.025694 0.050617
0 0.742014 0.846914 0.040278 0.067901
0 0.981944 0.809877 0.034028 0.070370
0 0.629716 0.976852 0.035126 0.046296
0 0.466667 0.772222 0.024306 0.044444
0 0.109028 0.757407 0.028472 0.039506
0 0.184375 0.904938 0.016667 0.033333
0 0.324306 0.924074 0.018750 0.034568
0 0.403819 0.780864 0.023611 0.044444
0 0.402778 0.918519 0.015972 0.033333
0 0.395486 0.944444 0.019444 0.033333
0 0.452083 0.933333 0.021528 0.040741
0 0.481597 0.864815 0.027778 0.041975
0 0.521875 0.748148 0.026389 0.045679
0 0.547222 0.743827 0.027083 0.051852
0 0.514931 0.808642 0.020833 0.030864
0 0.530903 0.847531 0.027778 0.044444
0 0.612500 0.904938 0.027083 0.055556
0 0.619444 0.742593 0.022917 0.032099
0 0.542708 0.672222 0.026389 0.049383
0 0.523264 0.576543 0.030556 0.045679
0 0.552431 0.601235 0.025000 0.050617
0 0.596875 0.375309 0.022222 0.038272
0 0.838194 0.283333 0.025694 0.034568
0 0.728819 0.564815 0.029167 0.037037
0 0.395833 0.615432 0.018750 0.029630
0 0.369444 0.720988 0.027083 0.050617
0 0.261458 0.816049 0.019444 0.025926
0 0.037153 0.810494 0.019444 0.027160
0 0.452431 0.806790 0.020833 0.032099
0 0.450694 0.767901 0.018750 0.038272
0 0.743750 0.943210 0.024306 0.035802
0 0.931250 0.967284 0.032639 0.049383
0 0.813542 0.400617 0.018056 0.022222
