0 0.403472 0.169136 0.027083 0.050617
0 0.524653 0.168519 0.015278 0.029630
0 0.794097 0.256790 0.027778 0.045679
0 0.967708 0.181481 0.020833 0.028395
0 0.972569 0.366667 0.019444 0.030864
0 0.923264 0.395679 0.018056 0.037037
0 0.747569 0.687654 0.052778 0.085185
0 0.782639 0.809259 0.040972 0.064198
0 0.526389 0.468519 0.029861 0.051852
0 0.334722 0.962346 0.025694 0.056790
0 0.271875 0.836420 0.015278 0.027160
0 0.269792 0.287037 0.033333 0.046914
0 0.428819 0.017901 0.029167 0.034568
0 0.102778 0.096296 0.028472 0.045679
0 0.122917 0.148765 0.021528 0.032099
0 0.114236 0.235802 0.019444 0.035802
0 0.015972 0.151852 0.020139 0.035802
0 0.080556 0.586420 0.018750 0.030864
0 0.179167 0.514815 0.025694 0.045679
0 0.083681 0.900617 0.019444 0.041975
0 0.178819 0.809259 0.019444 0.032099
0 0.171528 0.836420 0.018750 0.027160
0 0.015972 0.952469 0.020139 0.051852
0 0.046181 0.764198 0.019444 0.035802
0 0.030903 0.643827 0.019444 0.032099
0 0.199306 0.653704 0.020139 0.037037
0 0.992188 0.869136 0.015625 0.055556
0 0.049653 0.239506 0.019444 0.033333
0 0.059028 0.500000 0.017361 0.030864
0 0.160764 0.352469 0.015278 0.032099
0 0.142361 0.333951 0.015972 0.029630
0 0.005556 0.327778 0.009028 0.022222
0 0.018750 0.464815 0.011806 0.022222
0 0.147222 0.182099 0.017361 0.027160
