0 0.511111 0.301235 0.024306 0.038272
0 0.865278 0.646296 0.028472 0.044444
0 0.937153 0.766667 0.026389 0.040741
0 0.813542 0.917284 0.023611 0.038272
0 0.044444 0.708642 0.038194 0.055556
0 0.295833 0.846914 0.035417 0.058025
0 0.317014 0.798148 0.020833 0.034568
0 0.260764 0.274691 0.019444 0.029630
0 0.036111 0.162963 0.027083 0.033333
0 0.326042 0.209259 0.022222 0.032099
0 0.203125 0.114815 0.022222 0.035802
0 0.067708 0.129630 0.020833 0.028395
0 0.747569 0.453704 0.030556 0.041975
0 0.154861 0.750000 0.038194 0.059259
