0 0.453472 0.040741 0.052083 0.080247
0 0.342014 0.091975 0.027778 0.049383
0 0.067014 0.012963 0.036111 0.022222
0 0.777083 0.836420 0.036806 0.056790
0 0.578472 0.409259 0.014583 0.022222
0 0.573611 0.390123 0.014583 0.023457
0 0.444097 0.174074 0.013889 0.020988
0 0.520139 0.127778 0.013194 0.019753
0 0.461458 0.549383 0.013889 0.023457
0 0.428125 0.562963 0.011111 0.025926
0 0.388194 0.458642 0.014583 0.019753
0 0.472917 0.364815 0.014583 0.029630
0 0.704514 0.174074 0.013889 0.025926
0 0.580556 0.085185 0.013194 0.020988
0 0.528125 0.232716 0.015278 0.019753
0 0.489236 0.245679 0.013889 0.018519
0 0.455903 0.250617 0.018056 0.023457
0 0.707292 0.595679 0.012500 0.022222
