0 0.544792 0.765432 0.031944 0.053086
0 0.628472 0.604938 0.024306 0.043210
0 0.584722 0.392593 0.024306 0.045679
0 0.779861 0.372222 0.040972 0.066667
0 0.828819 0.441975 0.022222 0.033333
0 0.801042 0.902469 0.043056 0.072840
0 0.974306 0.846296 0.046528 0.069136
0 0.974653 0.964198 0.041667 0.067901
0 0.424653 0.245062 0.030556 0.049383
0 0.422222 0.056173 0.028472 0.041975
0 0.401736 0.092593 0.027778 0.043210
0 0.450694 0.112346 0.027083 0.040741
0 0.229514 0.154938 0.027778 0.046914
0 0.262153 0.248148 0.027778 0.035802
0 0.126736 0.501852 0.029167 0.054321
0 0.154514 0.577160 0.031944 0.046914
0 0.045833 0.164198 0.028472 0.035802
0 0.090972 0.132099 0.027083 0.038272
0 0.326042 0.245679 0.030556 0.043210
0 0.345833 0.384568 0.021528 0.039506
0 0.582639 0.161111 0.027083 0.046914
