0 0.317049 0.145452 0.037579 0.065635
0 0.762065 0.457806 0.054720 0.085560
0 0.811841 0.743202 0.059335 0.098453
0 0.818763 0.858650 0.040216 0.066807
0 0.897547 0.855720 0.029008 0.044538
0 0.571203 0.073371 0.034283 0.059775
0 0.617352 0.226910 0.031646 0.052743
0 0.092893 0.035865 0.046809 0.066807
0 0.144647 0.029419 0.026371 0.039850
0 0.050040 0.130216 0.029668 0.046882
0 0.039491 0.150727 0.027031 0.048054
0 0.191456 0.200539 0.034283 0.051571
0 0.225079 0.325949 0.031646 0.056259
0 0.237605 0.462494 0.030327 0.048054
0 0.331224 0.421472 0.032964 0.059775
0 0.321334 0.477731 0.038238 0.055087
0 0.351002 0.610173 0.039557 0.069151
0 0.437368 0.541608 0.027690 0.053915
0 0.647350 0.453704 0.030986 0.049226
0 0.649657 0.501172 0.031646 0.055087
0 0.642405 0.527543 0.029008 0.035162
0 0.738001 0.770745 0.017141 0.031646
0 0.549117 0.869784 0.023075 0.044538
0 0.535601 0.873887 0.023734 0.048054
0 0.563291 0.897328 0.025053 0.045710
0 0.482199 0.859236 0.021097 0.039850
0 0.440335 0.977028 0.016482 0.029301
0 0.575818 0.575598 0.027690 0.046882
0 0.514175 0.383966 0.028349 0.048054
0 0.169040 0.495898 0.030327 0.046882
0 0.123879 0.568565 0.025712 0.039850
0 0.095530 0.703352 0.024393 0.042194
0 0.138054 0.726207 0.017141 0.036334
0 0.367814 0.812353 0.013845 0.021097
0 0.321994 0.798875 0.014504 0.024613
0 0.261669 0.883849 0.016482 0.025785
0 0.472640 0.537506 0.017801 0.026957
0 0.421216 0.616034 0.017801 0.031646
0 0.408360 0.640061 0.019778 0.028129
0 0.477914 0.638303 0.016482 0.026957
0 0.470992 0.669948 0.023734 0.029301
0 0.509230 0.679325 0.021097 0.029301
0 0.463410 0.017698 0.027031 0.035162
0 0.043776 0.555673 0.021097 0.028129
0 0.062236 0.475973 0.018460 0.025785
0 0.705696 0.474215 0.030327 0.045710
0 0.433412 0.788912 0.015823 0.032818
0 0.134428 0.891467 0.017801 0.029301
