0 0.367708 0.318519 0.026389 0.045679
0 0.481250 0.330247 0.020139 0.041975
0 0.574306 0.341975 0.029861 0.043210
0 0.465278 0.255556 0.024306 0.040741
0 0.178819 0.147531 0.026389 0.039506
0 0.029167 0.188889 0.020139 0.038272
0 0.245139 0.551852 0.028472 0.053086
0 0.844444 0.936420 0.029861 0.051852
0 0.973611 0.775926 0.036806 0.046914
0 0.702778 0.660494 0.022917 0.033333
0 0.401736 0.758025 0.026389 0.045679
0 0.393750 0.840123 0.024306 0.049383
0 0.482639 0.975926 0.021528 0.039506
0 0.061458 0.638272 0.022222 0.040741
0 0.237153 0.358025 0.023611 0.045679
0 0.797222 0.961728 0.021528 0.045679
0 0.542708 0.513580 0.022222 0.038272
0 0.292361 0.667901 0.028472 0.048148
0 0.679514 0.858025 0.026389 0.030864
0 0.990972 0.661111 0.015972 0.032099
0 0.236111 0.291975 0.020139 0.041975
0 0.361806 0.517284 0.028472 0.035802
