0 0.479167 0.045679 0.021528 0.043210
0 0.787153 0.170988 0.020833 0.034568
0 0.640278 0.069136 0.018750 0.030864
0 0.690278 0.056173 0.021528 0.037037
0 0.762153 0.054321 0.018056 0.035802
0 0.689583 0.550000 0.034028 0.051852
0 0.644712 0.974383 0.027619 0.051235
0 0.581597 0.383333 0.033333 0.059259
0 0.531250 0.271605 0.025694 0.043210
0 0.890972 0.638889 0.038194 0.071605
0 0.906250 0.693210 0.029861 0.046914
0 0.819444 0.148148 0.015972 0.030864
0 0.882292 0.213580 0.013889 0.030864
0 0.377083 0.601852 0.020139 0.039506
0 0.215972 0.145679 0.015972 0.025926
0 0.299653 0.092593 0.015278 0.030864
0 0.262153 0.303086 0.012500 0.024691
0 0.271181 0.367901 0.013889 0.023457
0 0.286806 0.611111 0.027083 0.045679
0 0.296875 0.782099 0.013889 0.024691
0 0.222569 0.769753 0.013889 0.027160
0 0.098958 0.250000 0.018056 0.032099
0 0.111458 0.045679 0.016667 0.023457
0 0.048958 0.093210 0.019444 0.032099
0 0.075000 0.112346 0.017361 0.025926
0 0.116667 0.201852 0.015972 0.024691
0 0.382639 0.130864 0.025694 0.038272
0 0.220486 0.724074 0.015278 0.022222
0 0.168750 0.741358 0.014583 0.027160
0 0.107639 0.728395 0.017361 0.030864
0 0.033681 0.788889 0.016667 0.025926
0 0.152083 0.800000 0.015972 0.028395
0 0.022569 0.362963 0.015278 0.025926
0 0.006597 0.359259 0.011111 0.023457
0 0.094097 0.477778 0.012500 0.023457
0 0.113542 0.541975 0.013889 0.033333
0 0.171181 0.166667 0.011111 0.025926
0 0.072222 0.048765 0.014583 0.022222
0 0.260069 0.779012 0.012500 0.023457
0 0.280556 0.779630 0.014583 0.024691
