0 0.643056 0.081481 0.014583 0.033333
0 0.357986 0.943827 0.030556 0.041975
0 0.191667 0.896296 0.014583 0.030864
0 0.167361 0.820988 0.017361 0.023457
0 0.486111 0.953704 0.014583 0.024691
0 0.470220 0.984877 0.014745 0.030247
0 0.405903 0.864198 0.016667 0.030864
0 0.620139 0.857407 0.017361 0.029630
0 0.637847 0.876543 0.015278 0.033333
0 0.782292 0.841975 0.030556 0.058025
0 0.661111 0.648765 0.020139 0.029630
0 0.839583 0.722222 0.013194 0.023457
0 0.754514 0.494444 0.026389 0.039506
0 0.751042 0.358025 0.029167 0.040741
0 0.739931 0.208025 0.018056 0.037037
0 0.656250 0.038889 0.017361 0.032099
0 0.672569 0.138272 0.018056 0.025926
0 0.713542 0.095679 0.019444 0.037037
0 0.790625 0.077160 0.033333 0.051852
0 0.712500 0.013580 0.025694 0.023457
0 0.899306 0.188272 0.017361 0.029630
0 0.924653 0.195679 0.015278 0.032099
0 0.902083 0.458642 0.020139 0.034568
0 0.789583 0.230864 0.021528 0.030864
0 0.785417 0.209877 0.020139 0.033333
0 0.764583 0.433951 0.024306 0.044444
0 0.723264 0.468519 0.026389 0.039506
0 0.954861 0.859877 0.022917 0.027160
0 0.969792 0.784568 0.012500 0.027160
0 0.993056 0.716049 0.013194 0.023457
0 0.920139 0.679012 0.015972 0.023457
0 0.933681 0.633951 0.018056 0.032099
0 0.917014 0.586420 0.013889 0.025926
0 0.930556 0.590123 0.020139 0.025926
0 0.911458 0.521605 0.020833 0.027160
0 0.903472 0.543827 0.017361 0.029630
0 0.929167 0.548765 0.018750 0.027160
0 0.930208 0.523457 0.015278 0.028395
0 0.842361 0.517901 0.015972 0.024691
0 0.965625 0.434568 0.027778 0.030864
0 0.976042 0.304321 0.019444 0.039506
0 0.792014 0.563580 0.016667 0.032099
0 0.770833 0.558025 0.015972 0.038272
0 0.704861 0.581481 0.013194 0.023457
0 0.739236 0.599383 0.016667 0.022222
