0 0.686458 0.452469 0.023611 0.037037
0 0.544792 0.376543 0.022222 0.038272
0 0.500000 0.179630 0.027083 0.039506
0 0.465278 0.138272 0.022917 0.033333
0 0.163194 0.568519 0.045139 0.061728
0 0.167361 0.628395 0.043750 0.062963
0 0.103472 0.756790 0.039583 0.067901
0 0.334722 0.625926 0.028472 0.045679
0 0.285764 0.735185 0.044444 0.071605
0 0.009028 0.654938 0.017361 0.071605
0 0.022222 0.947531 0.042361 0.083951
0 0.043649 0.981173 0.054659 0.037654
0 0.625694 0.308642 0.020139 0.038272
0 0.168403 0.117901 0.023611 0.034568
0 0.042361 0.176543 0.024306 0.030864
0 0.080208 0.267901 0.023611 0.030864
0 0.127083 0.839506 0.028472 0.053086
0 0.154861 0.802469 0.027083 0.048148
0 0.257986 0.116049 0.016667 0.025926
0 0.355556 0.200617 0.021528 0.034568
0 0.221875 0.246914 0.020833 0.025926
0 0.170139 0.174691 0.018750 0.032099
0 0.087500 0.166049 0.025694 0.032099
