0 0.572569 0.464198 0.034722 0.050617
0 0.439583 0.147531 0.045139 0.081481
0 0.321181 0.531481 0.040278 0.069136
0 0.226389 0.539506 0.021528 0.035802
0 0.180556 0.643210 0.024306 0.038272
0 0.767014 0.529630 0.030556 0.048148
0 0.796181 0.531481 0.027778 0.046914
0 0.847917 0.492593 0.028472 0.040741
0 0.806250 0.255556 0.036806 0.050617
0 0.800000 0.300617 0.024306 0.041975
0 0.768750 0.312963 0.022917 0.032099
0 0.728125 0.291358 0.025000 0.035802
0 0.768403 0.229012 0.030556 0.041975
0 0.876736 0.114815 0.048611 0.067901
0 0.656597 0.136420 0.025000 0.039506
0 0.507292 0.224074 0.025000 0.034568
0 0.377431 0.055556 0.022222 0.030864
0 0.324653 0.085185 0.019444 0.030864
0 0.223611 0.504321 0.013194 0.024691
0 0.242014 0.509259 0.013889 0.032099
0 0.207986 0.407407 0.013889 0.023457
0 0.484722 0.873457 0.022917 0.044444
0 0.846875 0.705556 0.025000 0.037037
0 0.980382 0.707045 0.039236 0.081990
0 0.990799 0.599862 0.018403 0.055279
0 0.981250 0.498765 0.029861 0.045679
0 0.748611 0.654321 0.029861 0.050617
0 0.837500 0.212346 0.022917 0.035802
0 0.516667 0.396296 0.035417 0.033333
0 0.506597 0.344444 0.041667 0.058025
0 0.141319 0.916049 0.019444 0.038272
0 0.438889 0.687037 0.017361 0.024691
