0 0.420886 0.201711 0.034283 0.060947
0 0.411326 0.263244 0.036261 0.059775
0 0.438357 0.396859 0.040216 0.064463
0 0.315071 0.125527 0.034942 0.051571
0 0.324960 0.259142 0.028349 0.049226
0 0.255736 0.293718 0.025712 0.045710
0 0.203323 0.013596 0.022416 0.024613
0 0.273207 0.036451 0.023734 0.035162
0 0.209916 0.386310 0.025053 0.045710
0 0.180248 0.507618 0.025053 0.044538
0 0.218816 0.558017 0.019119 0.030474
0 0.237276 0.562119 0.016482 0.029301
0 0.214531 0.719175 0.019778 0.031646
0 0.086696 0.990565 0.021229 0.018870
0 0.071796 0.743788 0.020438 0.024613
0 0.558017 0.689287 0.022416 0.042194
0 0.934138 0.515237 0.065269 0.106657
0 0.888977 0.225152 0.059335 0.089076
0 0.802611 0.321261 0.027690 0.042194
0 0.743605 0.280825 0.033623 0.055087
0 0.748220 0.322433 0.036261 0.056259
0 0.738331 0.360525 0.032305 0.050398
0 0.665480 0.399789 0.031646 0.044538
0 0.719541 0.036451 0.032964 0.049226
0 0.612408 0.187060 0.030986 0.052743
0 0.526042 0.341186 0.029668 0.053915
0 0.531975 0.395687 0.015164 0.033990
0 0.549446 0.400375 0.015823 0.029301
0 0.547798 0.376934 0.009889 0.015237
0 0.497693 0.468354 0.019119 0.033990
0 0.484507 0.487693 0.017801 0.028129
0 0.551424 0.501758 0.014504 0.023441
0 0.544502 0.534576 0.021756 0.030474
0 0.578784 0.546296 0.012526 0.023441
0 0.587355 0.553329 0.016482 0.023441
0 0.709982 0.484763 0.013845 0.022269
0 0.913370 0.705696 0.042194 0.065635
0 0.993605 0.714475 0.012790 0.038654
0 0.504615 0.831692 0.017141 0.024613
0 0.536261 0.863338 0.015823 0.022269
0 0.623286 0.692804 0.038238 0.053915
0 0.639438 0.734998 0.027031 0.044538
0 0.675699 0.452532 0.020438 0.030474
0 0.281118 0.013596 0.029008 0.024613
0 0.210245 0.494726 0.017801 0.032818
0 0.144317 0.677567 0.019119 0.025785
0 0.290348 0.444327 0.015823 0.023441
0 0.753494 0.484177 0.016482 0.028129
0 0.496704 0.111463 0.017141 0.028129
0 0.597574 0.076887 0.018460 0.026957
0 0.550435 0.014182 0.016482 0.028129
