0 0.246528 0.178395 0.032639 0.049383
0 0.053819 0.114198 0.029167 0.049383
0 0.043750 0.223457 0.028472 0.043210
0 0.088889 0.253086 0.027083 0.043210
0 0.287847 0.262346 0.029167 0.041975
0 0.673958 0.476543 0.036111 0.058025
0 0.781597 0.309259 0.033333 0.054321
0 0.734028 0.058025 0.032639 0.048148
0 0.478472 0.067901 0.022917 0.040741
0 0.321181 0.145679 0.019444 0.040741
0 0.301042 0.142593 0.020833 0.034568
0 0.288194 0.100617 0.018750 0.032099
0 0.946181 0.621605 0.052778 0.093827
0 0.580903 0.817901 0.013889 0.024691
0 0.540278 0.844444 0.018750 0.028395
0 0.631597 0.888889 0.016667 0.028395
0 0.490972 0.603086 0.014583 0.022222
0 0.603819 0.568519 0.012500 0.019753
0 0.630208 0.587037 0.012500 0.017284
0 0.488542 0.541358 0.013889 0.019753
0 0.472222 0.411111 0.011806 0.016049
0 0.450347 0.387037 0.011111 0.014815
0 0.766319 0.154321 0.031944 0.045679
0 0.989410 0.145473 0.021181 0.050206
0 0.959028 0.014198 0.040972 0.024691
0 0.113889 0.133333 0.027083 0.043210
