0 0.412847 0.060494 0.041667 0.072840
0 0.746181 0.114198 0.037500 0.066667
0 0.646875 0.108642 0.026389 0.045679
0 0.627431 0.070988 0.026389 0.051852
0 0.669792 0.109877 0.023611 0.050617
0 0.682986 0.235802 0.026389 0.045679
0 0.829514 0.864815 0.016667 0.032099
0 0.262847 0.345062 0.029167 0.051852
0 0.271181 0.303086 0.030556 0.046914
0 0.461806 0.064815 0.034028 0.064198
0 0.526389 0.199383 0.036806 0.056790
0 0.438194 0.271605 0.032639 0.050617
0 0.244792 0.380247 0.023611 0.040741
0 0.551736 0.943827 0.045833 0.103704
0 0.264583 0.625309 0.024306 0.046914
0 0.307292 0.735802 0.013889 0.025926
0 0.298264 0.782716 0.015278 0.028395
