0 0.455208 0.429012 0.018056 0.037037
0 0.481597 0.443210 0.022222 0.040741
0 0.471528 0.562346 0.018750 0.032099
0 0.410069 0.754321 0.020833 0.038272
0 0.400347 0.820370 0.022222 0.039506
0 0.361458 0.793210 0.020833 0.037037
0 0.348611 0.736420 0.020139 0.039506
0 0.337500 0.715432 0.018750 0.034568
0 0.634375 0.616049 0.026389 0.053086
0 0.772222 0.608642 0.025694 0.043210
0 0.850347 0.445062 0.025000 0.051852
0 0.534028 0.174074 0.024306 0.040741
0 0.552778 0.211728 0.024306 0.034568
0 0.500000 0.494444 0.020139 0.034568
0 0.572222 0.551852 0.011806 0.025926
0 0.747222 0.485802 0.029861 0.049383
0 0.806597 0.488272 0.026389 0.044444
0 0.827431 0.527160 0.025000 0.035802
0 0.830556 0.329012 0.034028 0.039506
0 0.729861 0.259259 0.025694 0.030864
0 0.751736 0.401852 0.031944 0.041975
0 0.795486 0.069136 0.022222 0.035802
0 0.917708 0.042593 0.022222 0.037037
0 0.965278 0.059259 0.018750 0.030864
0 0.494792 0.214198 0.023611 0.037037
0 0.587500 0.341975 0.027083 0.035802
0 0.624653 0.564815 0.029167 0.041975
0 0.640972 0.358025 0.025694 0.040741
