0 0.067511 0.235115 0.035601 0.057431
0 0.179589 0.190577 0.026371 0.050398
0 0.338146 0.034107 0.059995 0.065635
0 0.438687 0.073957 0.019778 0.037506
0 0.437698 0.120253 0.021756 0.029301
0 0.788436 0.083919 0.062632 0.109001
0 0.955894 0.143108 0.020438 0.039850
0 0.972046 0.441983 0.032964 0.056259
0 0.787118 0.276723 0.054720 0.086732
0 0.751516 0.416198 0.061313 0.103141
0 0.665150 0.374590 0.046809 0.078528
0 0.615704 0.474801 0.049446 0.084388
0 0.574829 0.580286 0.042853 0.077356
0 0.535272 0.534576 0.038898 0.075012
0 0.467366 0.551571 0.025712 0.038678
0 0.410008 0.615448 0.023075 0.046882
0 0.295622 0.615448 0.027690 0.037506
0 0.277492 0.657056 0.025712 0.041022
0 0.150164 0.963022 0.061140 0.073957
0 0.524032 0.974742 0.061250 0.050516
0 0.409349 0.902602 0.017801 0.025785
0 0.570543 0.845171 0.014504 0.028129
0 0.523734 0.715659 0.015823 0.029301
0 0.470662 0.751992 0.050765 0.090248
0 0.671743 0.734998 0.057358 0.105485
0 0.707344 0.709798 0.041535 0.083216
0 0.809863 0.652954 0.014504 0.030474
0 0.957213 0.761955 0.012526 0.023441
0 0.979958 0.824660 0.017141 0.029301
0 0.863594 0.071027 0.027031 0.052743
0 0.880406 0.082747 0.027690 0.041022
0 0.884691 0.051102 0.029668 0.043366
0 0.871835 0.110877 0.017141 0.031646
0 0.260680 0.361111 0.046150 0.063291
0 0.010483 0.509376 0.020438 0.052743
