0 0.494066 0.092124 0.018460 0.025785
0 0.752835 0.136662 0.037579 0.060947
0 0.909085 0.462494 0.048128 0.079700
0 0.834916 0.311299 0.031646 0.051571
0 0.771624 0.361111 0.017141 0.026957
0 0.677347 0.543366 0.018460 0.032818
0 0.597574 0.392171 0.014504 0.023441
0 0.538238 0.383380 0.015823 0.024613
0 0.404734 0.452532 0.029668 0.050398
0 0.209586 0.434365 0.028349 0.039850
0 0.269581 0.680497 0.024393 0.030474
0 0.459784 0.644163 0.039557 0.070323
0 0.607463 0.606657 0.025053 0.046882
0 0.747561 0.761955 0.013845 0.022269
0 0.876780 0.949484 0.015164 0.029301
0 0.898536 0.974098 0.015164 0.022269
0 0.734551 0.986170 0.018152 0.027661
0 0.652294 0.909048 0.017141 0.025785
0 0.352321 0.970581 0.018460 0.033990
0 0.214531 0.810595 0.018460 0.032818
0 0.300237 0.565635 0.021097 0.028129
0 0.271888 0.535748 0.022416 0.029301
0 0.518460 0.433779 0.022416 0.033990
