0 0.512197 0.293718 0.073180 0.134787
0 0.648998 0.297234 0.058017 0.099625
0 0.694159 0.178270 0.034942 0.049226
0 0.671414 0.106188 0.023734 0.033990
0 0.589992 0.105602 0.023075 0.032818
0 0.722508 0.018284 0.025712 0.036334
0 0.830301 0.109119 0.022416 0.037506
0 0.864583 0.178856 0.026371 0.038678
0 0.871506 0.276137 0.023075 0.029301
0 0.822719 0.380450 0.071862 0.116034
0 0.703389 0.684599 0.045491 0.077356
0 0.618341 0.468940 0.033623 0.051571
0 0.516152 0.519925 0.030986 0.055087
0 0.471651 0.555673 0.044831 0.070323
0 0.468684 0.529301 0.042853 0.062119
0 0.431435 0.507032 0.022416 0.036334
0 0.392867 0.504102 0.034942 0.049226
0 0.306171 0.361111 0.054061 0.091421
0 0.270899 0.103258 0.016482 0.030474
0 0.247165 0.110877 0.019119 0.029301
0 0.138054 0.651782 0.017141 0.039850
0 0.007516 0.661158 0.013186 0.032818
0 0.033557 0.870370 0.016482 0.022269
0 0.675369 0.363455 0.023734 0.037506
0 0.591311 0.465424 0.019119 0.044538
0 0.233979 0.086263 0.016482 0.029301
0 0.416347 0.972984 0.038391 0.054032
0 0.534283 0.813526 0.017141 0.032818
0 0.827664 0.909048 0.042194 0.045710
0 0.909744 0.845171 0.030986 0.051571
0 0.872824 0.328293 0.025712 0.030474
0 0.004549 0.786568 0.008571 0.037506
