0 0.573611 0.793827 0.036806 0.060494
0 0.500347 0.682099 0.018056 0.034568
0 0.579861 0.612963 0.017361 0.039506
0 0.594444 0.602469 0.015972 0.025926
0 0.541319 0.696296 0.018056 0.030864
0 0.507292 0.614815 0.013889 0.023457
0 0.418056 0.569136 0.015972 0.023457
0 0.308681 0.579012 0.030556 0.053086
0 0.370833 0.762963 0.017361 0.028395
0 0.391667 0.683333 0.013194 0.019753
0 0.362153 0.664198 0.016667 0.028395
0 0.246875 0.727160 0.022222 0.035802
0 0.142014 0.697531 0.025000 0.045679
0 0.220139 0.793827 0.020139 0.043210
0 0.024306 0.672840 0.021528 0.040741
0 0.026736 0.612346 0.020833 0.038272
0 0.077431 0.629012 0.016667 0.022222
0 0.097569 0.654321 0.029167 0.043210
0 0.059722 0.396914 0.031250 0.051852
0 0.020486 0.365432 0.029167 0.045679
0 0.154167 0.330864 0.022917 0.045679
0 0.119444 0.071605 0.032639 0.055556
0 0.198264 0.194444 0.027778 0.051852
0 0.133333 0.011728 0.042361 0.022222
0 0.188889 0.015432 0.029861 0.029630
0 0.362500 0.095679 0.018750 0.034568
0 0.639236 0.093827 0.047222 0.085185
0 0.923611 0.122840 0.049306 0.086420
0 0.956944 0.231481 0.035417 0.056790
0 0.973958 0.111728 0.027778 0.054321
0 0.804167 0.345062 0.015972 0.027160
0 0.769097 0.282716 0.020833 0.030864
0 0.736458 0.170370 0.018056 0.028395
0 0.753472 0.146296 0.013194 0.027160
0 0.703472 0.154938 0.015972 0.024691
0 0.780903 0.014815 0.019444 0.028395
0 0.673264 0.055556 0.015278 0.025926
0 0.570833 0.035185 0.013194 0.027160
0 0.515278 0.064815 0.015972 0.029630
0 0.400347 0.303704 0.015278 0.028395
0 0.428125 0.128395 0.012500 0.023457
0 0.442708 0.135802 0.008333 0.023457
0 0.465972 0.265432 0.011806 0.025926
0 0.455208 0.349383 0.012500 0.025926
0 0.238889 0.264198 0.018750 0.023457
0 0.107986 0.804938 0.020833 0.035802
0 0.144444 0.846296 0.015972 0.024691
0 0.020833 0.813580 0.014583 0.025926
0 0.008333 0.827778 0.013194 0.019753
0 0.893403 0.641358 0.048611 0.074074
0 0.901736 0.689506 0.031944 0.051852
0 0.814931 0.743827 0.025000 0.066667
0 0.898611 0.846296 0.040972 0.059259
0 0.761806 0.894444 0.018750 0.032099
0 0.783333 0.660494 0.017361 0.023457
0 0.836806 0.420988 0.013194 0.030864
0 0.260069 0.450617 0.013889 0.023457
