0 0.482639 0.253704 0.018750 0.032099
0 0.622917 0.076543 0.020139 0.038272
0 0.584028 0.246914 0.022917 0.033333
0 0.802431 0.230247 0.033333 0.044444
0 0.676042 0.476543 0.026389 0.048148
0 0.067708 0.614815 0.033333 0.040741
0 0.011458 0.900617 0.020833 0.056790
0 0.010113 0.986111 0.019531 0.027778
0 0.150347 0.770370 0.023611 0.033333
0 0.224306 0.686420 0.021528 0.028395
0 0.228819 0.833333 0.019444 0.020988
0 0.290972 0.795062 0.021528 0.040741
0 0.371875 0.791358 0.019444 0.035802
0 0.364583 0.816049 0.020139 0.038272
0 0.389931 0.899383 0.018056 0.032099
0 0.420833 0.806790 0.021528 0.039506
0 0.432986 0.897531 0.020833 0.048148
0 0.449653 0.917284 0.023611 0.043210
0 0.478909 0.985494 0.014068 0.029012
0 0.599306 0.860494 0.029861 0.055556
0 0.718403 0.719136 0.041667 0.071605
0 0.374653 0.649383 0.025000 0.043210
0 0.439931 0.643210 0.023611 0.045679
0 0.425000 0.678395 0.025694 0.039506
0 0.424306 0.639506 0.020139 0.043210
0 0.342708 0.603086 0.022222 0.032099
0 0.367361 0.485185 0.020139 0.028395
0 0.563194 0.462963 0.029861 0.055556
0 0.480903 0.327778 0.018056 0.034568
0 0.830903 0.166667 0.026389 0.040741
0 0.712153 0.829630 0.025000 0.043210
0 0.774306 0.777160 0.021528 0.039506
0 0.970139 0.695062 0.045139 0.075309
0 0.976736 0.850617 0.029167 0.048148
0 0.959375 0.954938 0.044444 0.066667
0 0.911208 0.978086 0.035610 0.043827
0 0.909375 0.855556 0.030556 0.053086
0 0.992535 0.921541 0.014931 0.054192
0 0.711458 0.448148 0.026389 0.043210
0 0.846875 0.292593 0.025000 0.045679
0 0.992882 0.212228 0.014236 0.060259
0 0.993750 0.078395 0.010417 0.049383
0 0.500347 0.446914 0.029167 0.040741
0 0.531597 0.471605 0.023611 0.048148
0 0.519444 0.543827 0.024306 0.049383
0 0.525000 0.612346 0.027083 0.055556
0 0.496528 0.619136 0.025694 0.051852
0 0.506250 0.725926 0.028472 0.045679
0 0.584722 0.781481 0.027083 0.050617
0 0.592361 0.628395 0.027083 0.045679
0 0.449653 0.740123 0.023611 0.044444
0 0.482986 0.691975 0.026389 0.039506
0 0.388542 0.627778 0.020833 0.037037
0 0.726389 0.612963 0.035417 0.054321
0 0.559722 0.947531 0.021528 0.032099
0 0.589931 0.938272 0.027778 0.043210
0 0.485417 0.906173 0.015972 0.028395
