0 0.376736 0.102469 0.020833 0.035802
0 0.010069 0.067901 0.018056 0.067901
0 0.195833 0.279012 0.017361 0.030864
0 0.167014 0.766049 0.034722 0.054321
0 0.370486 0.795062 0.022222 0.045679
0 0.367361 0.829630 0.027083 0.045679
0 0.525347 0.519753 0.013889 0.025926
0 0.585764 0.504938 0.015278 0.028395
0 0.570486 0.579012 0.012500 0.025926
0 0.335069 0.369753 0.022222 0.034568
0 0.303125 0.277778 0.015278 0.023457
0 0.281597 0.353086 0.018056 0.023457
0 0.267708 0.461111 0.018056 0.029630
0 0.567014 0.346914 0.016667 0.028395
0 0.460417 0.179630 0.022917 0.037037
0 0.426042 0.422222 0.013889 0.023457
0 0.666667 0.415432 0.017361 0.032099
0 0.759028 0.787037 0.025694 0.041975
0 0.623958 0.986420 0.015278 0.020988
0 0.629514 0.969753 0.013889 0.022222
