0 0.486485 0.381622 0.050765 0.094937
0 0.630868 0.463666 0.053402 0.090248
0 0.845134 0.085091 0.027031 0.052743
0 0.809863 0.111463 0.022416 0.035162
0 0.769976 0.094468 0.027031 0.045710
0 0.559006 0.099742 0.024393 0.046882
0 0.655920 0.178856 0.021756 0.041022
0 0.684270 0.245077 0.021756 0.037506
0 0.696137 0.332982 0.017801 0.032818
0 0.533294 0.252696 0.034942 0.055087
0 0.459124 0.057548 0.025053 0.039850
0 0.197060 0.134904 0.012526 0.028129
0 0.113990 0.142522 0.017801 0.031646
0 0.013779 0.103258 0.017801 0.032818
0 0.089597 0.147797 0.019119 0.035162
0 0.821400 0.937178 0.050765 0.080872
0 0.915678 0.911392 0.056039 0.094937
0 0.467695 0.521683 0.030327 0.051571
0 0.374077 0.572668 0.030327 0.055087
0 0.329905 0.614862 0.042194 0.064463
0 0.248484 0.557431 0.029668 0.057431
0 0.124209 0.551571 0.015823 0.036334
0 0.057292 0.454876 0.032305 0.042194
0 0.171018 0.443741 0.054061 0.087904
0 0.366166 0.400961 0.063291 0.114862
0 0.006857 0.202297 0.011867 0.031646
0 0.076411 0.124355 0.016482 0.030474
0 0.309467 0.809423 0.036920 0.052743
0 0.392207 0.843999 0.021756 0.037506
0 0.540876 0.717417 0.038238 0.067979
0 0.556698 0.908462 0.025053 0.044538
0 0.651305 0.910806 0.013845 0.030474
0 0.665150 0.895570 0.021756 0.042194
0 0.729101 0.838139 0.017801 0.046882
0 0.840849 0.907290 0.031646 0.056259
0 0.846123 0.870370 0.023734 0.043366
0 0.790084 0.976442 0.031646 0.042194
0 0.866212 0.984119 0.041497 0.031763
0 0.969409 0.811181 0.052743 0.070323
0 0.973695 0.478317 0.013845 0.025785
0 0.685258 0.383380 0.019778 0.030474
0 0.510219 0.181786 0.015164 0.037506
0 0.444291 0.515237 0.020438 0.045710
0 0.322323 0.577356 0.037579 0.059775
0 0.291007 0.560947 0.019778 0.031646
0 0.348365 0.354079 0.015823 0.028129
