0 0.629861 0.091975 0.025694 0.037037
0 0.551389 0.177160 0.017361 0.024691
0 0.602083 0.349383 0.024306 0.040741
0 0.606597 0.432716 0.020833 0.037037
0 0.583681 0.840741 0.020833 0.045679
0 0.518056 0.940741 0.021528 0.035802
0 0.803472 0.674074 0.029861 0.053086
0 0.879167 0.779012 0.028472 0.038272
0 0.859028 0.829630 0.024306 0.040741
0 0.825000 0.969136 0.021528 0.023457
0 0.729514 0.493827 0.020833 0.030864
0 0.713542 0.352469 0.019444 0.029630
0 0.694792 0.250000 0.019444 0.037037
0 0.947917 0.261728 0.028472 0.038272
0 0.963194 0.222840 0.022917 0.039506
0 0.845139 0.257407 0.024306 0.032099
0 0.878125 0.211111 0.018056 0.028395
0 0.916667 0.024074 0.025694 0.041975
0 0.933681 0.016667 0.016667 0.027160
0 0.971181 0.024074 0.026389 0.037037
0 0.992882 0.027329 0.014236 0.046016
0 0.986458 0.595679 0.012500 0.039506
0 0.724306 0.247531 0.020139 0.019753
0 0.648611 0.280864 0.011806 0.029630
