0 0.066319 0.216049 0.026389 0.030864
0 0.056250 0.367284 0.021528 0.034568
0 0.036458 0.664198 0.019444 0.028395
0 0.036806 0.644444 0.022917 0.023457
0 0.049306 0.777160 0.020139 0.032099
0 0.300694 0.785802 0.034028 0.039506
0 0.837500 0.301852 0.029861 0.044444
0 0.856250 0.612346 0.017361 0.025926
0 0.862500 0.660494 0.017361 0.030864
0 0.643056 0.516049 0.014583 0.030864
0 0.603472 0.546914 0.017361 0.033333
0 0.545486 0.566049 0.018056 0.027160
0 0.560417 0.530247 0.015972 0.027160
0 0.581250 0.533333 0.011806 0.025926
0 0.593750 0.495062 0.015972 0.030864
0 0.577778 0.188272 0.020139 0.037037
0 0.085069 0.111111 0.025000 0.033333
0 0.017708 0.056790 0.025000 0.045679
0 0.175347 0.096914 0.019444 0.039506
0 0.136806 0.403704 0.021528 0.035802
0 0.288542 0.405556 0.020833 0.029630
0 0.127778 0.819136 0.025694 0.046914
0 0.132639 0.878395 0.027083 0.041975
0 0.122917 0.532099 0.020139 0.020988
0 0.081597 0.519753 0.026389 0.033333
0 0.188889 0.566667 0.014583 0.028395
0 0.199653 0.358025 0.018056 0.023457
0 0.760069 0.516049 0.023611 0.035802
0 0.567708 0.902469 0.018056 0.023457
0 0.350694 0.903086 0.014583 0.024691
0 0.958333 0.929012 0.018750 0.024691
0 0.974306 0.922840 0.014583 0.024691
0 0.814236 0.875309 0.016667 0.023457
0 0.829861 0.609877 0.015972 0.030864
0 0.709028 0.681481 0.017361 0.035802
0 0.983681 0.029630 0.019444 0.038272
