0 0.988542 0.274691 0.020833 0.034568
0 0.918750 0.503086 0.029861 0.046914
0 0.893403 0.551852 0.023611 0.035802
0 0.861458 0.645679 0.020833 0.038272
0 0.833681 0.569753 0.019444 0.034568
0 0.801389 0.543210 0.014583 0.025926
0 0.797917 0.818519 0.020139 0.035802
0 0.657986 0.886420 0.019444 0.035802
0 0.759375 0.941358 0.018056 0.032099
0 0.906250 0.991667 0.018750 0.016667
0 0.533333 0.850617 0.021528 0.043210
0 0.464931 0.608025 0.020833 0.034568
0 0.355208 0.455556 0.022222 0.035802
0 0.348958 0.419136 0.023611 0.039506
0 0.349306 0.361111 0.021528 0.037037
0 0.374653 0.362963 0.020833 0.038272
0 0.415625 0.324691 0.025000 0.045679
0 0.460069 0.251852 0.022222 0.038272
0 0.525347 0.234568 0.023611 0.035802
0 0.491667 0.637654 0.022917 0.037037
0 0.476736 0.462346 0.022222 0.039506
0 0.139583 0.581481 0.025694 0.038272
0 0.086458 0.664198 0.020833 0.035802
0 0.292708 0.804938 0.022222 0.035802
0 0.255903 0.835185 0.022222 0.039506
0 0.492014 0.835802 0.018056 0.038272
0 0.547917 0.771605 0.017361 0.033333
0 0.474306 0.538272 0.018750 0.035802
0 0.165972 0.817901 0.022917 0.041975
0 0.143704 0.983642 0.024214 0.032716
0 0.065972 0.619136 0.018750 0.029630
0 0.024306 0.591975 0.014583 0.024691
0 0.119792 0.521605 0.022222 0.034568
0 0.634722 0.673457 0.020139 0.037037
0 0.656250 0.596914 0.017361 0.032099
0 0.192708 0.332716 0.016667 0.024691
0 0.161458 0.320988 0.013889 0.028395
0 0.313889 0.316049 0.014583 0.020988
0 0.283333 0.338889 0.011806 0.022222
0 0.236111 0.375309 0.013194 0.023457
0 0.038194 0.557407 0.022917 0.027160
0 0.195139 0.757407 0.021528 0.037037
0 0.298611 0.646296 0.021528 0.041975
0 0.347569 0.724074 0.013889 0.024691
0 0.431597 0.750000 0.013889 0.024691
0 0.748264 0.712963 0.018056 0.029630
0 0.736458 0.732716 0.020833 0.032099
0 0.626042 0.762963 0.015278 0.025926
0 0.507986 0.530864 0.018056 0.028395
0 0.478819 0.372222 0.020833 0.037037
0 0.653819 0.480247 0.020833 0.030864
0 0.557639 0.488272 0.015972 0.029630
0 0.453472 0.774691 0.015972 0.024691
0 0.351910 0.987963 0.022569 0.024074
0 0.234028 0.301235 0.015972 0.023457
