0 0.383637 0.068683 0.058676 0.101969
0 0.295952 0.168894 0.048128 0.084388
0 0.224749 0.237459 0.046809 0.064463
0 0.258373 0.284927 0.044172 0.079700
0 0.382648 0.390999 0.044831 0.083216
0 0.339465 0.412096 0.053402 0.099625
0 0.129153 0.462494 0.058676 0.101969
0 0.541864 0.863924 0.057358 0.103141
0 0.317708 0.921355 0.059995 0.100797
0 0.200356 0.696906 0.063950 0.097281
0 0.104430 0.839897 0.063291 0.111346
0 0.900844 0.292546 0.048787 0.071496
0 0.880076 0.143108 0.046809 0.072668
0 0.906118 0.082747 0.040876 0.069151
0 0.756461 0.120253 0.039557 0.055087
0 0.672073 0.144866 0.030327 0.050398
0 0.962487 0.625996 0.032305 0.060947
0 0.838542 0.739100 0.020438 0.038678
0 0.745912 0.903774 0.027690 0.049226
0 0.718552 0.516995 0.019119 0.025785
0 0.763383 0.546296 0.017801 0.028129
0 0.862605 0.377520 0.022416 0.037506
0 0.880076 0.354079 0.023075 0.039850
0 0.990968 0.261009 0.018064 0.043584
0 0.962157 0.194679 0.017141 0.035162
0 0.656909 0.571496 0.015823 0.029301
0 0.294304 0.308368 0.031646 0.046882
0 0.347376 0.334154 0.017801 0.039850
0 0.335179 0.060478 0.047468 0.080872
0 0.205960 0.304266 0.021097 0.041022
0 0.788766 0.041139 0.022416 0.039850
