0 0.308681 0.311111 0.048611 0.072840
0 0.227431 0.137654 0.037500 0.066667
0 0.247569 0.712963 0.043056 0.059259
0 0.148611 0.950617 0.038194 0.070370
0 0.396181 0.436420 0.033333 0.056790
0 0.103472 0.498148 0.025694 0.039506
0 0.234375 0.803704 0.019444 0.035802
0 0.351736 0.898148 0.033333 0.059259
0 0.438194 0.720988 0.038194 0.060494
0 0.459028 0.762346 0.029861 0.054321
0 0.180556 0.908025 0.018750 0.032099
0 0.229514 0.916667 0.018056 0.027160
0 0.163194 0.851852 0.017361 0.018519
0 0.091319 0.806790 0.019444 0.022222
0 0.366319 0.793827 0.020833 0.033333
0 0.623611 0.816667 0.018750 0.032099
0 0.482639 0.255556 0.018750 0.028395
0 0.522222 0.581481 0.013194 0.018519
0 0.527778 0.695062 0.027083 0.028395
