0 0.481944 0.314198 0.045139 0.096296
0 0.352431 0.430247 0.041667 0.079012
0 0.251736 0.283333 0.050000 0.088889
0 0.427431 0.258642 0.034722 0.061728
0 0.587847 0.143210 0.045833 0.080247
0 0.469097 0.114198 0.026389 0.041975
0 0.365625 0.035185 0.029167 0.046914
0 0.011111 0.506173 0.020139 0.067901
0 0.014931 0.580864 0.029167 0.066667
0 0.012500 0.895679 0.018750 0.027160
0 0.470139 0.929630 0.042361 0.082716
0 0.470139 0.709877 0.038194 0.062963
0 0.351389 0.631481 0.038194 0.061728
0 0.371528 0.564198 0.032639 0.060494
0 0.250000 0.545679 0.021528 0.030864
0 0.240972 0.743210 0.021528 0.020988
0 0.376042 0.766667 0.036111 0.065432
0 0.393750 0.738889 0.031250 0.054321
0 0.634722 0.675926 0.022917 0.032099
0 0.722917 0.617284 0.018750 0.040741
0 0.702083 0.709259 0.024306 0.032099
0 0.761806 0.789506 0.032639 0.046914
0 0.964583 0.634568 0.063194 0.097531
0 0.789931 0.629630 0.027778 0.038272
0 0.771875 0.618519 0.025000 0.035802
0 0.820486 0.285802 0.041667 0.076543
0 0.843403 0.159259 0.033333 0.058025
0 0.682292 0.209877 0.027778 0.048148
0 0.634722 0.233333 0.021528 0.033333
0 0.546875 0.399383 0.015278 0.027160
0 0.710764 0.403086 0.033333 0.051852
0 0.703472 0.796914 0.018750 0.024691
0 0.674653 0.800000 0.020833 0.028395
0 0.835069 0.885185 0.027778 0.033333
0 0.836458 0.800000 0.037500 0.043210
0 0.731944 0.827160 0.021528 0.028395
0 0.648611 0.822840 0.017361 0.037037
0 0.755556 0.873457 0.027083 0.029630
0 0.775000 0.904321 0.025694 0.032099
0 0.923611 0.880864 0.024306 0.027160
0 0.556250 0.824074 0.018750 0.029630
0 0.419792 0.839506 0.022222 0.030864
0 0.399653 0.409259 0.020833 0.024691
0 0.154167 0.276543 0.027083 0.028395
