0 0.351002 0.653540 0.059335 0.098453
0 0.373418 0.801805 0.055380 0.106657
0 0.807885 0.233357 0.044831 0.066807
0 0.738990 0.066338 0.029668 0.053915
0 0.678995 0.164791 0.020438 0.035162
0 0.601200 0.209330 0.020438 0.032818
0 0.557687 0.330638 0.015164 0.029301
0 0.543842 0.025316 0.027031 0.037506
0 0.944027 0.284927 0.027031 0.041022
0 0.613067 0.441983 0.015164 0.033990
0 0.499341 0.444327 0.015823 0.029301
0 0.572191 0.179442 0.019119 0.026957
0 0.926226 0.107947 0.021756 0.029301
0 0.527690 0.928387 0.044831 0.066807
0 0.094871 0.839897 0.033623 0.030474
0 0.055902 0.990858 0.037437 0.018284
0 0.861617 0.071613 0.027031 0.045710
0 0.878099 0.041725 0.025712 0.035162
0 0.815467 0.041139 0.017801 0.031646
0 0.644383 0.936592 0.025053 0.038678
