0 0.275000 0.144444 0.028472 0.058025
0 0.087153 0.329630 0.040278 0.062963
0 0.199306 0.817284 0.034028 0.058025
0 0.154514 0.664815 0.036111 0.056790
0 0.620833 0.866667 0.032639 0.058025
0 0.831250 0.223457 0.034028 0.050617
0 0.903819 0.316049 0.023611 0.035802
0 0.890278 0.358025 0.024306 0.043210
0 0.761806 0.416049 0.027083 0.040741
0 0.768403 0.527160 0.025000 0.040741
0 0.061458 0.955556 0.036111 0.062963
0 0.032292 0.726543 0.030556 0.051852
0 0.239931 0.428395 0.033333 0.058025
0 0.353472 0.203086 0.027083 0.041975
0 0.269097 0.395679 0.027778 0.039506
