0 0.478472 0.172222 0.029861 0.051852
0 0.697222 0.308025 0.032639 0.051852
0 0.621875 0.505556 0.030556 0.051852
0 0.541667 0.741358 0.031250 0.049383
0 0.664931 0.648148 0.031944 0.050617
0 0.724653 0.692593 0.027778 0.045679
0 0.859028 0.129012 0.027083 0.041975
0 0.975347 0.427778 0.020833 0.032099
0 0.569097 0.212963 0.030556 0.049383
0 0.347222 0.281481 0.018750 0.030864
0 0.406250 0.471605 0.028472 0.035802
0 0.504514 0.444444 0.025000 0.048148
0 0.688542 0.206173 0.022222 0.033333
0 0.229167 0.925926 0.020139 0.028395
0 0.373264 0.822840 0.013889 0.022222
