0 0.626736 0.574691 0.059722 0.116049
0 0.983333 0.845062 0.031250 0.054321
0 0.565563 0.973148 0.060987 0.053704
0 0.472222 0.911728 0.042361 0.086420
0 0.467361 0.823457 0.049306 0.107407
0 0.375694 0.929012 0.071528 0.128395
0 0.313542 0.895679 0.037500 0.069136
0 0.482639 0.678395 0.039583 0.061728
0 0.498264 0.546914 0.041667 0.077778
0 0.581944 0.822222 0.024306 0.033333
0 0.542014 0.692593 0.029167 0.035802
0 0.530903 0.742593 0.022222 0.029630
0 0.258333 0.302469 0.056250 0.090123
0 0.321875 0.319753 0.041667 0.050617
0 0.339583 0.277160 0.036806 0.041975
0 0.384375 0.351852 0.027778 0.035802
