0 0.728819 0.703704 0.038889 0.062963
0 0.745486 0.763580 0.037500 0.069136
0 0.711458 0.448765 0.040278 0.056790
0 0.855903 0.391358 0.038889 0.055556
0 0.848611 0.446296 0.036806 0.046914
0 0.987500 0.561111 0.024306 0.061728
0 0.552431 0.233333 0.037500 0.067901
0 0.478472 0.280247 0.032639 0.058025
0 0.387847 0.106790 0.029167 0.049383
0 0.586806 0.060494 0.031250 0.050617
0 0.761458 0.039506 0.023611 0.033333
0 0.394444 0.630864 0.025694 0.043210
0 0.419097 0.631481 0.029167 0.056790
0 0.281250 0.811111 0.031250 0.045679
0 0.782986 0.567284 0.038889 0.056790
0 0.776389 0.665432 0.032639 0.048148
0 0.804514 0.637037 0.029167 0.050617
0 0.650347 0.446296 0.018056 0.029630
0 0.532292 0.454938 0.013889 0.027160
0 0.604514 0.883333 0.012500 0.024691
