0 0.584722 0.557407 0.021528 0.037037
0 0.553819 0.674691 0.022222 0.041975
0 0.709375 0.926543 0.022222 0.039506
0 0.775347 0.931481 0.015278 0.024691
0 0.844444 0.791358 0.022917 0.033333
0 0.894444 0.816667 0.018750 0.029630
0 0.852778 0.729630 0.028472 0.030864
0 0.843056 0.574691 0.018750 0.032099
0 0.993229 0.487716 0.013542 0.043333
0 0.920486 0.282716 0.027778 0.045679
0 0.981597 0.167284 0.023611 0.037037
0 0.799653 0.101852 0.013889 0.024691
0 0.775694 0.116667 0.017361 0.022222
0 0.645139 0.248765 0.010417 0.017284
0 0.741667 0.493210 0.020139 0.034568
0 0.789583 0.602469 0.020139 0.035802
0 0.682986 0.768519 0.022222 0.032099
0 0.864583 0.352469 0.021528 0.029630
0 0.941667 0.340741 0.018750 0.025926
0 0.952083 0.036420 0.027083 0.041975
0 0.798611 0.197531 0.021528 0.035802
