0 0.397222 0.203704 0.022917 0.033333
0 0.419792 0.015432 0.027778 0.022222
0 0.428125 0.035185 0.029167 0.027160
0 0.667361 0.107407 0.022917 0.030864
0 0.615625 0.151235 0.022222 0.034568
0 0.621875 0.201235 0.020833 0.028395
0 0.531944 0.062346 0.020139 0.027160
0 0.043403 0.403704 0.027778 0.035802
0 0.293403 0.537037 0.019444 0.023457
0 0.285764 0.550000 0.016667 0.019753
0 0.405208 0.656173 0.018056 0.041975
0 0.572222 0.670370 0.020139 0.025926
0 0.554861 0.620370 0.024306 0.029630
0 0.353472 0.921605 0.021528 0.032099
0 0.628819 0.927160 0.018056 0.025926
0 0.710764 0.603086 0.013889 0.022222
0 0.705208 0.567901 0.013889 0.020988
0 0.713542 0.680247 0.015278 0.020988
0 0.790625 0.513580 0.015278 0.023457
0 0.827431 0.475309 0.015278 0.033333
0 0.796528 0.437037 0.015972 0.025926
0 0.377431 0.524074 0.016667 0.022222
0 0.429167 0.493210 0.014583 0.024691
0 0.027431 0.615432 0.015278 0.022222
0 0.042361 0.820370 0.018750 0.017284
