0 0.011458 0.069753 0.022222 0.061728
0 0.132639 0.159877 0.032639 0.064198
0 0.227778 0.130864 0.035417 0.067901
0 0.479167 0.080864 0.047917 0.083951
0 0.542361 0.137037 0.040972 0.090123
0 0.572917 0.124691 0.022917 0.045679
0 0.705556 0.222840 0.027083 0.051852
0 0.707639 0.298148 0.027083 0.049383
0 0.832986 0.446296 0.041667 0.059259
0 0.875347 0.561728 0.031944 0.050617
0 0.582292 0.546296 0.034722 0.054321
0 0.398958 0.497531 0.040278 0.067901
0 0.330903 0.306790 0.030556 0.046914
0 0.407639 0.301235 0.021528 0.038272
0 0.460764 0.163580 0.025000 0.046914
0 0.299653 0.347531 0.026389 0.044444
0 0.120486 0.792593 0.062500 0.097531
0 0.140625 0.955556 0.052778 0.077778
0 0.112847 0.875926 0.019444 0.034568
0 0.434375 0.777778 0.026389 0.048148
0 0.495139 0.775309 0.025694 0.050617
0 0.486111 0.644444 0.027083 0.048148
0 0.592014 0.817284 0.030556 0.058025
0 0.581250 0.859259 0.035417 0.053086
0 0.609641 0.983642 0.038032 0.032716
0 0.692014 0.920370 0.029167 0.051852
0 0.771528 0.758642 0.029861 0.044444
0 0.831250 0.938272 0.031250 0.053086
0 0.977083 0.804938 0.027083 0.053086
0 0.381250 0.252469 0.027083 0.044444
0 0.647222 0.771605 0.020139 0.033333
0 0.382639 0.786420 0.022917 0.038272
0 0.359722 0.927778 0.025694 0.039506
0 0.305208 0.713580 0.018056 0.023457
0 0.381250 0.874691 0.014583 0.027160
0 0.697917 0.861111 0.022917 0.039506
0 0.454861 0.509877 0.029861 0.048148
0 0.400347 0.372840 0.018056 0.028395
0 0.419097 0.393827 0.019444 0.038272
0 0.374653 0.401235 0.019444 0.033333
0 0.332639 0.451235 0.036806 0.059259
0 0.282292 0.367284 0.023611 0.044444
0 0.297222 0.391975 0.027083 0.034568
0 0.918056 0.871605 0.036806 0.060494
0 0.910764 0.806173 0.037500 0.053086
