0 0.295833 0.054938 0.024306 0.044444
0 0.245139 0.482716 0.024306 0.045679
0 0.867361 0.772840 0.067361 0.100000
0 0.495833 0.971605 0.034028 0.053086
0 0.480556 0.869136 0.028472 0.048148
0 0.578125 0.843827 0.026389 0.034568
0 0.877431 0.590123 0.041667 0.067901
0 0.641319 0.562963 0.030556 0.045679
0 0.519792 0.390741 0.029167 0.046914
0 0.753819 0.045679 0.031944 0.055556
0 0.904167 0.062346 0.032639 0.051852
0 0.161458 0.585185 0.019444 0.038272
0 0.284375 0.854321 0.023611 0.038272
0 0.355556 0.978395 0.021528 0.034568
0 0.423264 0.153086 0.023611 0.045679
0 0.508681 0.190123 0.016667 0.028395
0 0.473958 0.326543 0.025000 0.024691
0 0.464931 0.495679 0.027778 0.041975
0 0.735417 0.027160 0.028472 0.050617
0 0.758333 0.329012 0.032639 0.049383
0 0.831250 0.112346 0.020139 0.033333
0 0.831597 0.184568 0.029167 0.034568
0 0.912153 0.220370 0.013889 0.024691
0 0.887847 0.108642 0.020833 0.028395
0 0.936806 0.054938 0.024306 0.041975
