0 0.066319 0.077778 0.033333 0.058025
0 0.081597 0.735185 0.029167 0.056790
0 0.355208 0.458642 0.030556 0.064198
0 0.794444 0.088889 0.034028 0.053086
0 0.947917 0.277778 0.015972 0.033333
0 0.859028 0.650617 0.039583 0.060494
0 0.967882 0.918275 0.064236 0.109389
0 0.585764 0.679630 0.026389 0.049383
0 0.509375 0.870988 0.023611 0.051852
0 0.412847 0.619753 0.027778 0.050617
0 0.461458 0.562346 0.030556 0.044444
0 0.520139 0.361728 0.022917 0.043210
0 0.978819 0.161111 0.023611 0.041975
0 0.983681 0.224691 0.019444 0.033333
0 0.837847 0.050617 0.019444 0.030864
0 0.722569 0.077160 0.026389 0.049383
0 0.570486 0.085185 0.036111 0.067901
0 0.601736 0.098148 0.031944 0.054321
0 0.459375 0.025926 0.034722 0.048148
0 0.349306 0.020370 0.028472 0.034568
0 0.210764 0.111728 0.025000 0.046914
0 0.081250 0.187037 0.025694 0.049383
0 0.158333 0.892593 0.020139 0.040741
0 0.246875 0.271605 0.026389 0.055556
0 0.876042 0.012346 0.031944 0.020988
0 0.588194 0.205556 0.021528 0.041975
