0 0.362540 0.299578 0.057358 0.097281
0 0.488463 0.303094 0.037579 0.059775
0 0.576147 0.219292 0.021756 0.039850
0 0.737671 0.223394 0.025712 0.041022
0 0.769317 0.223980 0.029668 0.044538
0 0.773602 0.273207 0.027690 0.042194
0 0.635153 0.426746 0.044831 0.077356
0 0.765361 0.879747 0.037579 0.052743
0 0.806255 0.977672 0.033659 0.044655
0 0.646031 0.701594 0.030986 0.043366
0 0.643064 0.636545 0.026371 0.046882
0 0.515493 0.634787 0.042853 0.076184
0 0.547798 0.457806 0.033623 0.059775
0 0.505604 0.534576 0.023075 0.039850
0 0.517141 0.530474 0.018460 0.038678
0 0.457476 0.587904 0.040216 0.069151
0 0.413304 0.565049 0.021756 0.035162
0 0.363528 0.941866 0.038238 0.071496
0 0.403415 0.911392 0.032305 0.052743
0 0.538525 0.975328 0.033538 0.049344
0 0.353639 0.684013 0.022416 0.036334
0 0.333531 0.644749 0.024393 0.042194
0 0.209256 0.583216 0.034283 0.057431
0 0.263647 0.437881 0.040216 0.062119
0 0.112012 0.603727 0.029668 0.058603
0 0.251121 0.744960 0.027031 0.043366
0 0.356276 0.765471 0.022416 0.032818
0 0.378033 0.812940 0.021097 0.041022
0 0.286063 0.846929 0.024393 0.041022
0 0.285733 0.699250 0.027690 0.057431
0 0.229694 0.757267 0.022416 0.044538
0 0.245187 0.788912 0.024393 0.044538
0 0.271888 0.837553 0.023734 0.045710
