0 0.164755 0.349977 0.033623 0.050398
0 0.011142 0.570323 0.020438 0.050398
0 0.324631 0.455462 0.031646 0.050398
0 0.781843 0.281411 0.057358 0.100797
0 0.886999 0.171824 0.029008 0.038678
0 0.837500 0.582099 0.047917 0.074074
0 0.846181 0.273457 0.041667 0.061728
0 0.893750 0.435802 0.043750 0.065432
0 0.978125 0.640123 0.033333 0.046914
0 0.896875 0.637654 0.050000 0.083951
0 0.702778 0.538272 0.021528 0.038272
0 0.598611 0.414198 0.034028 0.064198
0 0.545139 0.554938 0.032639 0.059259
0 0.356250 0.643210 0.045139 0.077778
0 0.360069 0.701852 0.047222 0.083951
0 0.280208 0.547531 0.026389 0.034568
0 0.238194 0.556173 0.024306 0.037037
0 0.131944 0.591358 0.024306 0.035802
0 0.161111 0.665432 0.024306 0.035802
0 0.178125 0.726543 0.019444 0.032099
0 0.181250 0.765432 0.015972 0.025926
0 0.085069 0.930864 0.036111 0.050617
0 0.698958 0.929012 0.038889 0.069136
0 0.703125 0.888272 0.031944 0.051852
0 0.580903 0.806173 0.022222 0.038272
0 0.650000 0.787037 0.024306 0.034568
0 0.566667 0.802469 0.024306 0.048148
0 0.549306 0.701235 0.024306 0.045679
0 0.582292 0.669136 0.031944 0.048148
0 0.974306 0.706790 0.028472 0.051852
0 0.879109 0.983025 0.039468 0.033951
0 0.937166 0.978704 0.026416 0.042593
0 0.454167 0.564198 0.034028 0.043210
0 0.301736 0.602469 0.031944 0.048148
