0 0.487153 0.275926 0.043056 0.074074
0 0.770833 0.368519 0.043750 0.076543
0 0.879514 0.371605 0.051389 0.087654
0 0.901736 0.322222 0.034722 0.040741
0 0.982292 0.333333 0.033333 0.082716
0 0.903125 0.723457 0.055556 0.095062
0 0.777778 0.800000 0.022917 0.043210
0 0.693750 0.426543 0.028472 0.051852
0 0.631250 0.426543 0.029861 0.049383
0 0.423611 0.501852 0.014583 0.022222
0 0.376042 0.538889 0.018056 0.032099
0 0.531597 0.945679 0.018056 0.028395
0 0.500347 0.861111 0.012500 0.019753
0 0.504167 0.883333 0.015972 0.024691
0 0.370486 0.901235 0.015278 0.028395
0 0.257292 0.743827 0.025000 0.039506
0 0.111111 0.951235 0.025694 0.041975
0 0.058681 0.922222 0.026389 0.045679
0 0.049306 0.846914 0.022917 0.043210
0 0.103819 0.796296 0.029167 0.045679
0 0.018403 0.335802 0.018056 0.030864
0 0.061458 0.255556 0.016667 0.028395
0 0.210417 0.091975 0.018750 0.032099
0 0.476042 0.895679 0.011111 0.024691
0 0.480903 0.878395 0.008333 0.024691
