0 0.561111 0.439506 0.039583 0.075309
0 0.512153 0.554938 0.036111 0.056790
0 0.662847 0.474691 0.018056 0.029630
0 0.686458 0.259877 0.034722 0.069136
0 0.790278 0.278395 0.053472 0.083951
0 0.789236 0.386420 0.034722 0.053086
0 0.934722 0.196296 0.022917 0.045679
0 0.949306 0.025309 0.045139 0.049383
0 0.792014 0.723457 0.037500 0.062963
0 0.898264 0.948765 0.036111 0.061728
0 0.950694 0.939506 0.034028 0.058025
0 0.812500 0.877160 0.029861 0.054321
0 0.808609 0.973148 0.038745 0.053704
0 0.730903 0.578395 0.018056 0.034568
0 0.343750 0.254938 0.040972 0.076543
0 0.394444 0.141358 0.028472 0.049383
0 0.350000 0.058642 0.036806 0.066667
0 0.170139 0.054321 0.029861 0.055556
0 0.180556 0.114815 0.035417 0.060494
0 0.218403 0.177778 0.030556 0.050617
0 0.167361 0.367284 0.024306 0.044444
0 0.148264 0.388272 0.022222 0.039506
0 0.164931 0.500000 0.026389 0.048148
0 0.125347 0.469136 0.026389 0.050617
0 0.036111 0.443210 0.049306 0.082716
0 0.077083 0.500617 0.024306 0.037037
0 0.130903 0.849383 0.016667 0.028395
0 0.145486 0.865432 0.015278 0.030864
0 0.124899 0.994136 0.032436 0.011728
0 0.186111 0.976543 0.017361 0.028395
0 0.362153 0.967901 0.018056 0.040741
0 0.526736 0.835185 0.016667 0.029630
0 0.542361 0.845062 0.014583 0.029630
0 0.601389 0.842593 0.014583 0.022222
0 0.635764 0.865432 0.016667 0.025926
0 0.962500 0.714198 0.015972 0.029630
0 0.939236 0.862963 0.019444 0.033333
0 0.540278 0.211111 0.031250 0.045679
0 0.270486 0.148148 0.026389 0.043210
0 0.278819 0.184568 0.027778 0.037037
0 0.217708 0.395679 0.022222 0.037037
0 0.267014 0.337654 0.025000 0.032099
0 0.030903 0.233951 0.037500 0.079012
0 0.232986 0.221605 0.019444 0.032099
0 0.419444 0.138889 0.017361 0.029630
0 0.445486 0.133951 0.012500 0.029630
0 0.644444 0.101235 0.038194 0.065432
0 0.319444 0.242593 0.020139 0.039506
0 0.612500 0.627160 0.014583 0.023457
0 0.825694 0.540123 0.022917 0.034568
0 0.850694 0.553704 0.015972 0.027160
0 0.852431 0.982099 0.019444 0.029630
0 0.912432 0.985494 0.029725 0.029012
0 0.795486 0.903704 0.029167 0.040741
0 0.767708 0.580247 0.011111 0.018519
0 0.963194 0.526543 0.017361 0.024691
0 0.986806 0.561728 0.013194 0.020988
0 0.976042 0.772840 0.012500 0.028395
0 0.903472 0.753086 0.020139 0.028395
0 0.994965 0.654784 0.010069 0.026852
0 0.896181 0.385802 0.015278 0.024691
0 0.891667 0.244444 0.014583 0.020988
0 0.930556 0.140741 0.018750 0.045679
0 0.913889 0.343827 0.013194 0.022222
0 0.982639 0.309877 0.017361 0.018519
