0 0.443403 0.445062 0.023611 0.039506
0 0.465278 0.409259 0.024306 0.037037
0 0.841319 0.327778 0.029167 0.049383
0 0.653472 0.101235 0.024306 0.040741
0 0.518750 0.164815 0.021528 0.037037
0 0.209028 0.037654 0.024306 0.037037
0 0.276736 0.045062 0.023611 0.041975
0 0.104861 0.242593 0.022917 0.037037
0 0.197917 0.221605 0.027083 0.034568
0 0.103125 0.482716 0.027778 0.038272
0 0.020139 0.760494 0.028472 0.050617
0 0.174653 0.827778 0.027778 0.054321
0 0.380556 0.709877 0.022917 0.030864
0 0.461458 0.585185 0.025000 0.045679
0 0.369097 0.583333 0.026389 0.049383
0 0.283333 0.489506 0.025694 0.034568
0 0.617014 0.532099 0.027778 0.048148
0 0.612847 0.745062 0.025000 0.044444
0 0.654514 0.961111 0.031944 0.044444
0 0.307986 0.571605 0.025000 0.033333
0 0.488889 0.465432 0.022917 0.038272
0 0.532986 0.283951 0.026389 0.043210
0 0.808333 0.770370 0.034028 0.065432
0 0.813542 0.847531 0.030556 0.044444
0 0.038889 0.342593 0.031250 0.051852
