0 0.061577 0.396273 0.063291 0.105485
0 0.113990 0.373418 0.049446 0.085560
0 0.072785 0.326535 0.030327 0.052743
0 0.023668 0.149555 0.046809 0.097281
0 0.068499 0.036451 0.083729 0.067979
0 0.113990 0.525785 0.020438 0.036334
0 0.054655 0.948312 0.065269 0.096109
0 0.296941 0.846343 0.064610 0.114862
0 0.272218 0.776606 0.021756 0.031646
0 0.410667 0.402719 0.025712 0.031646
0 0.465388 0.143694 0.029668 0.050398
0 0.538568 0.113807 0.030986 0.051571
0 0.587355 0.056376 0.021756 0.032818
0 0.656909 0.059892 0.036920 0.063291
0 0.639768 0.119667 0.040876 0.065635
0 0.662843 0.264416 0.044831 0.071496
0 0.752505 0.219292 0.036920 0.053915
0 0.852387 0.062236 0.037579 0.051571
0 0.986551 0.170652 0.026371 0.055087
0 0.988990 0.216307 0.022020 0.071385
0 0.972376 0.259142 0.033623 0.058603
0 0.892603 0.292546 0.033623 0.052743
0 0.865243 0.357595 0.018460 0.025785
0 0.896559 0.393343 0.021756 0.031646
0 0.958861 0.400375 0.019778 0.036334
0 0.838212 0.587318 0.030327 0.049226
0 0.157173 0.364627 0.023734 0.039850
0 0.728112 0.387482 0.017141 0.036334
0 0.677677 0.342944 0.016482 0.031646
0 0.663172 0.364627 0.016482 0.030474
0 0.594277 0.540436 0.011867 0.025785
0 0.660206 0.536920 0.014504 0.021097
0 0.551094 0.521097 0.015164 0.022269
0 0.534283 0.473043 0.011867 0.024613
0 0.493407 0.577356 0.011867 0.022269
0 0.286063 0.464838 0.015164 0.033990
0 0.300237 0.492968 0.017141 0.026957
0 0.175303 0.645921 0.013845 0.030474
0 0.128824 0.521683 0.014504 0.025785
0 0.820082 0.590835 0.028349 0.058603
0 0.833927 0.635373 0.027031 0.044538
0 0.745912 0.580286 0.025053 0.037506
0 0.721519 0.276137 0.018460 0.031646
0 0.735364 0.282583 0.015823 0.028129
0 0.443961 0.237459 0.014504 0.026957
0 0.380340 0.341186 0.021756 0.037506
0 0.746572 0.938350 0.021097 0.031646
0 0.576477 0.882091 0.022416 0.041022
0 0.752176 0.436709 0.012526 0.019925
0 0.763054 0.446085 0.015823 0.019925
0 0.626253 0.379278 0.013845 0.026957
0 0.911392 0.340600 0.014504 0.026957
0 0.486485 0.288444 0.015164 0.025785
