0 0.100347 0.210494 0.038889 0.061728
0 0.542014 0.440741 0.040278 0.072840
0 0.401042 0.514815 0.036111 0.062963
0 0.435417 0.514198 0.035417 0.054321
0 0.392708 0.617284 0.030556 0.053086
0 0.448264 0.672840 0.030556 0.043210
0 0.439583 0.703086 0.020139 0.027160
0 0.579514 0.625309 0.019444 0.029630
0 0.615625 0.616667 0.019444 0.024691
0 0.829861 0.814815 0.020139 0.035802
0 0.851389 0.813580 0.022917 0.028395
0 0.876736 0.867284 0.029167 0.032099
0 0.660417 0.746296 0.024306 0.029630
0 0.486111 0.874074 0.038194 0.040741
0 0.464236 0.839506 0.016667 0.028395
0 0.317708 0.817284 0.020833 0.035802
0 0.183681 0.680864 0.023611 0.037037
0 0.239583 0.391358 0.035417 0.048148
0 0.259028 0.425309 0.021528 0.032099
0 0.219792 0.471605 0.016667 0.028395
0 0.664236 0.864198 0.022222 0.038272
0 0.267708 0.943827 0.018056 0.037037
0 0.292708 0.391358 0.020833 0.028395
0 0.304514 0.174074 0.023611 0.048148
0 0.495833 0.070370 0.015972 0.038272
0 0.273611 0.143210 0.015972 0.035802
0 0.225000 0.275926 0.018750 0.034568
0 0.091667 0.325309 0.021528 0.032099
