0 0.329514 0.349383 0.029167 0.040741
0 0.259375 0.406790 0.016667 0.027160
0 0.280903 0.590741 0.025000 0.041975
0 0.277778 0.679012 0.021528 0.045679
0 0.394444 0.760494 0.025694 0.035802
0 0.432292 0.952469 0.025000 0.054321
0 0.688889 0.675926 0.025694 0.044444
0 0.673264 0.658642 0.022222 0.046914
0 0.866667 0.633951 0.038194 0.061728
0 0.697222 0.394444 0.028472 0.054321
0 0.762153 0.370370 0.030556 0.053086
0 0.761111 0.487037 0.028472 0.049383
0 0.805903 0.350000 0.033333 0.051852
0 0.855208 0.193827 0.036111 0.065432
0 0.984375 0.222840 0.030556 0.064198
0 0.985417 0.637037 0.027083 0.048148
0 0.947917 0.562346 0.020139 0.034568
0 0.832639 0.676543 0.031250 0.040741
0 0.855208 0.548765 0.034722 0.051852
0 0.848264 0.718519 0.031944 0.043210
0 0.662847 0.567284 0.023611 0.039506
0 0.606250 0.547531 0.018750 0.032099
0 0.628472 0.393827 0.028472 0.053086
0 0.676389 0.390123 0.022917 0.040741
0 0.675000 0.431481 0.025694 0.044444
0 0.582639 0.359877 0.031250 0.049383
0 0.615278 0.245679 0.022917 0.038272
0 0.772569 0.191975 0.036111 0.051852
0 0.805556 0.216049 0.031250 0.053086
0 0.863889 0.050000 0.028472 0.041975
0 0.733681 0.085185 0.020833 0.038272
0 0.797222 0.282099 0.027083 0.046914
0 0.615625 0.668519 0.019444 0.027160
0 0.520833 0.553086 0.018750 0.033333
0 0.550694 0.517901 0.015972 0.024691
0 0.398611 0.612963 0.017361 0.029630
0 0.773264 0.600000 0.020833 0.028395
0 0.703472 0.488889 0.027083 0.043210
0 0.862847 0.398765 0.034722 0.045679
0 0.694097 0.214815 0.019444 0.030864
0 0.484375 0.553704 0.012500 0.027160
