0 0.554861 0.415432 0.027083 0.041975
0 0.678472 0.506173 0.029861 0.050617
0 0.666667 0.591358 0.028472 0.053086
0 0.749306 0.756173 0.021528 0.041975
0 0.992014 0.928395 0.015278 0.055556
0 0.890278 0.077778 0.032639 0.048148
0 0.769444 0.075309 0.021528 0.043210
0 0.805208 0.056790 0.025000 0.038272
0 0.961111 0.393210 0.025694 0.037037
0 0.591667 0.519753 0.034028 0.035802
0 0.642361 0.495679 0.025694 0.054321
0 0.732639 0.356790 0.021528 0.040741
0 0.638194 0.266049 0.024306 0.061728
0 0.513542 0.091358 0.018056 0.050617
0 0.223264 0.083951 0.019444 0.043210
0 0.162500 0.120370 0.017361 0.041975
0 0.249653 0.133951 0.023611 0.037037
0 0.137847 0.627160 0.019444 0.033333
0 0.122222 0.672840 0.020139 0.035802
0 0.107639 0.844444 0.022917 0.035802
0 0.060417 0.713580 0.018750 0.040741
0 0.101389 0.651235 0.020139 0.032099
0 0.376042 0.766049 0.033333 0.056790
0 0.319444 0.908025 0.027083 0.054321
0 0.185417 0.973457 0.020139 0.034568
0 0.143750 0.865432 0.021528 0.033333
0 0.217708 0.856173 0.025000 0.044444
0 0.523611 0.274691 0.025694 0.049383
0 0.346528 0.348148 0.022917 0.038272
0 0.282986 0.485802 0.029167 0.051852
0 0.170486 0.529630 0.020833 0.040741
0 0.507292 0.025309 0.029167 0.046914
0 0.748958 0.009259 0.023611 0.017284
