0 0.432094 0.174754 0.026371 0.043366
0 0.675699 0.369902 0.040216 0.058603
0 0.811181 0.392757 0.018460 0.043366
0 0.883373 0.379278 0.019119 0.035162
0 0.919963 0.333568 0.014504 0.025785
0 0.962157 0.559775 0.030327 0.044538
0 0.920622 0.846343 0.021097 0.031646
0 0.729760 0.205227 0.027031 0.045710
0 0.616034 0.200539 0.029008 0.036334
0 0.572521 0.286685 0.019778 0.032818
0 0.500659 0.338256 0.025053 0.032818
0 0.464399 0.453704 0.017141 0.022269
0 0.062236 0.611346 0.039557 0.063291
0 0.207938 0.862166 0.058017 0.098453
0 0.233856 0.978551 0.045243 0.042897
0 0.527031 0.899086 0.018460 0.029301
0 0.525712 0.753165 0.018460 0.028129
0 0.746572 0.169480 0.022416 0.030474
0 0.689544 0.172996 0.017801 0.032818
