0 0.645701 0.340014 0.026371 0.041022
0 0.985891 0.216948 0.027690 0.043366
0 0.910403 0.032349 0.033623 0.058603
0 0.802940 0.487107 0.021756 0.030474
0 0.733386 0.519925 0.027690 0.032818
0 0.879088 0.691045 0.018460 0.030474
0 0.930841 0.491210 0.025712 0.043366
0 0.349684 0.324191 0.025053 0.044538
0 0.531975 0.352907 0.028349 0.045710
0 0.497693 0.416784 0.020438 0.025785
0 0.427479 0.471871 0.019778 0.032818
0 0.463739 0.879161 0.019778 0.029301
0 0.853046 0.947140 0.020438 0.029301
0 0.589003 0.526957 0.036920 0.063291
0 0.358584 0.654126 0.012526 0.019925
0 0.398141 0.440811 0.017801 0.031646
0 0.380340 0.531646 0.013845 0.023441
0 0.723497 0.330638 0.014504 0.029301
0 0.628230 0.008322 0.019119 0.015237
0 0.971387 0.150141 0.011867 0.033990
0 0.912711 0.299578 0.018460 0.023441
0 0.839531 0.427918 0.015823 0.029301
