0 0.495139 0.606790 0.027083 0.046914
0 0.655903 0.704321 0.020833 0.027160
0 0.611806 0.664815 0.018750 0.027160
0 0.568403 0.678395 0.019444 0.032099
0 0.380556 0.735185 0.020139 0.039506
0 0.365972 0.805556 0.021528 0.041975
0 0.281944 0.830247 0.027083 0.041975
0 0.228819 0.843827 0.018056 0.024691
0 0.279514 0.677160 0.027778 0.049383
0 0.306597 0.714198 0.019444 0.032099
0 0.163542 0.682099 0.022222 0.039506
0 0.109375 0.879630 0.023611 0.044444
0 0.138542 0.906173 0.016667 0.033333
0 0.123264 0.827160 0.022222 0.038272
0 0.151389 0.618519 0.020139 0.035802
0 0.250000 0.421605 0.028472 0.041975
0 0.204861 0.390741 0.028472 0.039506
0 0.316667 0.345679 0.021528 0.038272
0 0.319097 0.099383 0.031944 0.059259
0 0.260764 0.125926 0.029167 0.038272
0 0.237500 0.274074 0.032639 0.050617
0 0.103819 0.509877 0.018056 0.038272
0 0.069444 0.586420 0.021528 0.038272
0 0.474427 0.987963 0.017604 0.024074
0 0.850347 0.851235 0.030556 0.044444
0 0.854861 0.896296 0.020139 0.028395
0 0.882292 0.669753 0.018056 0.029630
0 0.866667 0.645062 0.018750 0.024691
0 0.807639 0.712963 0.014583 0.022222
0 0.889583 0.348148 0.017361 0.020988
0 0.968056 0.159259 0.047917 0.080247
0 0.992882 0.221002 0.014236 0.033361
0 0.880556 0.020370 0.028472 0.027160
0 0.654861 0.037654 0.018750 0.034568
0 0.724653 0.257407 0.016667 0.029630
0 0.708681 0.295679 0.013889 0.024691
0 0.723958 0.296296 0.013889 0.025926
0 0.857292 0.286420 0.015278 0.028395
0 0.834028 0.179630 0.017361 0.032099
0 0.654514 0.370988 0.018056 0.034568
0 0.519097 0.259259 0.013889 0.018519
0 0.527778 0.345062 0.013194 0.022222
0 0.385069 0.349383 0.015278 0.030864
0 0.352083 0.335185 0.014583 0.027160
0 0.460417 0.100000 0.017361 0.028395
0 0.446875 0.029012 0.019444 0.029630
0 0.484375 0.018519 0.020833 0.030864
0 0.480208 0.111728 0.013889 0.032099
0 0.511458 0.124691 0.013889 0.028395
0 0.336458 0.018519 0.025000 0.035802
0 0.289236 0.018519 0.037500 0.028395
0 0.049653 0.301852 0.008333 0.017284
0 0.082639 0.283951 0.014583 0.020988
0 0.079514 0.126543 0.011111 0.017284
0 0.063889 0.501852 0.018750 0.034568
0 0.405903 0.423457 0.013889 0.018519
0 0.394444 0.480247 0.013194 0.023457
0 0.426736 0.659259 0.013889 0.018519
0 0.457639 0.677778 0.013194 0.018519
0 0.443403 0.761111 0.013889 0.019753
0 0.400347 0.227778 0.025000 0.051852
0 0.430556 0.369753 0.013194 0.022222
0 0.633681 0.062963 0.013889 0.025926
0 0.600347 0.071605 0.015278 0.028395
