0 0.403472 0.235802 0.027083 0.050617
0 0.463542 0.458642 0.025000 0.049383
0 0.282292 0.733333 0.033333 0.050617
0 0.150000 0.445679 0.020139 0.033333
0 0.482639 0.512963 0.022917 0.037037
0 0.499306 0.512346 0.020139 0.030864
0 0.510069 0.495679 0.015278 0.029630
0 0.525000 0.453086 0.017361 0.030864
0 0.725347 0.415432 0.038889 0.056790
0 0.985938 0.515797 0.028125 0.077273
0 0.837500 0.541975 0.038194 0.053086
0 0.991146 0.974956 0.017708 0.044974
0 0.739583 0.774074 0.027083 0.045679
0 0.681597 0.756173 0.030556 0.051852
0 0.673611 0.823457 0.031250 0.055556
0 0.581171 0.976235 0.043591 0.047531
0 0.327083 0.973457 0.024306 0.037037
0 0.154514 0.761728 0.019444 0.028395
0 0.858681 0.141358 0.027778 0.049383
