0 0.367814 0.116151 0.037579 0.060947
0 0.507252 0.443741 0.044831 0.076184
0 0.899525 0.395687 0.043513 0.073840
0 0.989188 0.541022 0.019778 0.062119
0 0.976991 0.833451 0.041535 0.060947
0 0.988528 0.889123 0.022416 0.045710
0 0.747561 0.647093 0.019119 0.035162
0 0.023668 0.696320 0.046809 0.079700
0 0.016416 0.461322 0.021756 0.041022
0 0.138383 0.435537 0.029668 0.050398
0 0.271229 0.396273 0.017141 0.025785
0 0.536590 0.684599 0.019119 0.025785
0 0.705367 0.699250 0.019119 0.026957
0 0.401108 0.756095 0.034283 0.044538
0 0.339135 0.929559 0.017141 0.032818
0 0.418726 0.987049 0.016778 0.025902
0 0.553072 0.910806 0.011208 0.023441
0 0.821071 0.380450 0.021097 0.033990
0 0.440335 0.360525 0.016482 0.024613
0 0.102453 0.399203 0.025053 0.033990
0 0.442972 0.705110 0.012526 0.019925
0 0.612078 0.575012 0.011867 0.022269
0 0.633505 0.562705 0.011208 0.018753
