0 0.506597 0.166667 0.037500 0.065432
0 0.587153 0.137654 0.034722 0.064198
0 0.920139 0.405556 0.070139 0.120988
0 0.680208 0.583333 0.027778 0.046914
0 0.601736 0.867901 0.045833 0.065432
0 0.601389 0.948148 0.032639 0.045679
0 0.233681 0.818519 0.018056 0.028395
0 0.064931 0.669136 0.034722 0.053086
0 0.203819 0.406173 0.025000 0.030864
0 0.261111 0.364198 0.015972 0.028395
0 0.056944 0.066667 0.025694 0.040741
0 0.067361 0.020370 0.035417 0.039506
0 0.892708 0.483951 0.027778 0.033333
0 0.411458 0.805556 0.020833 0.027160
0 0.380208 0.752469 0.015278 0.022222
0 0.372222 0.729630 0.015972 0.023457
0 0.350694 0.772840 0.014583 0.025926
0 0.951042 0.550617 0.023611 0.035802
0 0.977778 0.650000 0.025694 0.037037
0 0.424653 0.054938 0.023611 0.034568
