0 0.256250 0.201852 0.024306 0.041975
0 0.276736 0.085802 0.026389 0.046914
0 0.276389 0.022222 0.032639 0.043210
0 0.337500 0.045062 0.025694 0.032099
0 0.452083 0.042593 0.021528 0.034568
0 0.060417 0.092593 0.027083 0.038272
0 0.092361 0.209259 0.024306 0.037037
0 0.037847 0.299383 0.026389 0.037037
0 0.270833 0.424074 0.022917 0.032099
0 0.471528 0.453704 0.032639 0.056790
0 0.469097 0.562963 0.033333 0.058025
0 0.451042 0.756790 0.016667 0.033333
0 0.412500 0.827160 0.017361 0.030864
0 0.378819 0.835185 0.020833 0.037037
0 0.320486 0.916667 0.027778 0.037037
0 0.440278 0.867901 0.020139 0.035802
0 0.980035 0.974064 0.039931 0.048127
0 0.672917 0.137654 0.020139 0.037037
0 0.806944 0.103086 0.034028 0.064198
0 0.928472 0.114198 0.021528 0.049383
0 0.851042 0.116049 0.025000 0.030864
0 0.622917 0.233951 0.049306 0.096296
0 0.420139 0.578395 0.018750 0.034568
0 0.233681 0.327160 0.020833 0.030864
0 0.113194 0.542593 0.020139 0.037037
0 0.163194 0.648148 0.021528 0.033333
0 0.351042 0.721605 0.023611 0.039506
0 0.143750 0.885185 0.025694 0.040741
0 0.185069 0.709259 0.022222 0.029630
0 0.257986 0.565432 0.018056 0.033333
0 0.233333 0.391358 0.021528 0.023457
0 0.145486 0.215432 0.019444 0.034568
