0 0.365278 0.250000 0.018750 0.027160
0 0.363542 0.276543 0.023611 0.028395
0 0.440625 0.236420 0.018056 0.029630
0 0.422917 0.195679 0.018750 0.032099
0 0.496528 0.109877 0.022917 0.040741
0 0.521528 0.321605 0.022917 0.039506
0 0.639931 0.326543 0.022222 0.034568
0 0.604167 0.345062 0.021528 0.037037
0 0.906250 0.396296 0.031250 0.045679
0 0.927778 0.321605 0.024306 0.037037
0 0.838889 0.127160 0.025694 0.043210
0 0.255556 0.142593 0.018750 0.037037
0 0.324306 0.112346 0.017361 0.030864
0 0.297569 0.298148 0.016667 0.029630
0 0.010417 0.823457 0.018750 0.053086
0 0.222569 0.893827 0.015278 0.028395
0 0.251736 0.894444 0.018056 0.032099
0 0.181250 0.924074 0.014583 0.027160
0 0.085764 0.935802 0.019444 0.028395
0 0.286111 0.782716 0.020139 0.035802
0 0.667708 0.893827 0.022222 0.040741
0 0.664236 0.852469 0.020833 0.037037
0 0.815972 0.851852 0.025694 0.043210
0 0.682639 0.669136 0.018750 0.033333
0 0.672222 0.687654 0.018750 0.033333
0 0.710069 0.544444 0.020833 0.038272
0 0.694097 0.516667 0.022222 0.041975
0 0.682986 0.537654 0.018056 0.027160
0 0.856944 0.386420 0.024306 0.045679
0 0.518056 0.681481 0.025694 0.045679
0 0.648611 0.171605 0.022917 0.035802
0 0.866319 0.166667 0.026389 0.043210
0 0.888889 0.068519 0.021528 0.037037
0 0.940972 0.053086 0.015972 0.035802
0 0.848958 0.060494 0.020833 0.038272
0 0.407292 0.735185 0.026389 0.044444
0 0.231944 0.761728 0.015972 0.030864
0 0.217361 0.332716 0.015972 0.027160
0 0.383333 0.202469 0.013194 0.023457
0 0.239583 0.677160 0.013194 0.024691
0 0.183681 0.667284 0.012500 0.022222
0 0.171875 0.627160 0.015278 0.020988
0 0.301389 0.462963 0.015972 0.028395
0 0.497917 0.490741 0.020139 0.034568
0 0.415625 0.598765 0.019444 0.030864
0 0.609722 0.750617 0.020139 0.035802
0 0.241319 0.852469 0.016667 0.027160
0 0.215972 0.837654 0.014583 0.022222
0 0.213889 0.721605 0.013194 0.024691
0 0.213194 0.761111 0.013194 0.019753
