0 0.465278 0.027778 0.024306 0.044444
0 0.387153 0.101235 0.013889 0.030864
0 0.417361 0.266049 0.024306 0.044444
0 0.415972 0.347531 0.020139 0.039506
0 0.357292 0.737037 0.022222 0.043210
0 0.280556 0.825926 0.018750 0.038272
0 0.226389 0.950000 0.018750 0.032099
0 0.609028 0.462346 0.015972 0.029630
0 0.796181 0.042593 0.031944 0.054321
0 0.685417 0.222840 0.015972 0.029630
0 0.653819 0.256790 0.019444 0.033333
0 0.517708 0.212963 0.016667 0.034568
0 0.528472 0.306790 0.017361 0.034568
0 0.529167 0.440123 0.018750 0.037037
0 0.571875 0.599383 0.026389 0.039506
0 0.618750 0.689506 0.025694 0.044444
0 0.971875 0.925309 0.040278 0.076543
0 0.844444 0.358025 0.029861 0.053086
0 0.827083 0.341358 0.025694 0.049383
0 0.820486 0.243210 0.026389 0.043210
0 0.843403 0.094444 0.031944 0.044444
0 0.878125 0.149383 0.030556 0.060494
0 0.942014 0.152469 0.034722 0.074074
0 0.850000 0.043827 0.028472 0.049383
0 0.879514 0.035802 0.031944 0.062963
0 0.917361 0.037654 0.029861 0.051852
0 0.956944 0.019136 0.036806 0.034568
0 0.951042 0.056173 0.029167 0.037037
0 0.729514 0.030864 0.045833 0.060494
0 0.929514 0.477160 0.019444 0.039506
0 0.991493 0.372614 0.017014 0.047697
0 0.982986 0.412963 0.019444 0.027160
0 0.931250 0.309877 0.022917 0.033333
0 0.853819 0.630864 0.027778 0.038272
0 0.863889 0.698765 0.022917 0.035802
0 0.736111 0.861728 0.022917 0.043210
0 0.631250 0.978395 0.025694 0.032099
