0 0.109028 0.641975 0.047917 0.070370
0 0.006597 0.440741 0.009722 0.040741
0 0.165278 0.103086 0.021528 0.029630
0 0.431944 0.490741 0.047917 0.081481
0 0.483333 0.419136 0.032639 0.061728
0 0.745486 0.757407 0.056944 0.108642
0 0.625694 0.705556 0.053472 0.079012
0 0.616667 0.610494 0.027083 0.044444
0 0.595302 0.958333 0.049632 0.083333
0 0.698958 0.950617 0.037500 0.058025
0 0.695833 0.830864 0.018750 0.030864
0 0.700694 0.794444 0.020139 0.022222
0 0.710417 0.808642 0.017361 0.023457
0 0.663542 0.824691 0.020833 0.035802
0 0.598958 0.787037 0.022222 0.034568
0 0.653125 0.869136 0.018056 0.030864
0 0.910764 0.187037 0.018056 0.024691
0 0.946181 0.275926 0.012500 0.024691
0 0.957639 0.289506 0.011806 0.019753
