0 0.342708 0.188889 0.025000 0.045679
0 0.660069 0.199383 0.018056 0.027160
0 0.740625 0.461728 0.025000 0.040741
0 0.709028 0.420988 0.018750 0.035802
0 0.601042 0.911728 0.026389 0.049383
0 0.763889 0.880247 0.029861 0.038272
0 0.954861 0.745679 0.029861 0.043210
0 0.785069 0.656173 0.023611 0.034568
0 0.882292 0.596914 0.025000 0.041975
0 0.720139 0.506173 0.027083 0.028395
0 0.703472 0.566667 0.025694 0.038272
0 0.481944 0.287037 0.018750 0.032099
0 0.350694 0.279012 0.022917 0.038272
0 0.248264 0.315432 0.036111 0.046914
0 0.226736 0.377160 0.030556 0.041975
0 0.221181 0.475926 0.033333 0.054321
0 0.182292 0.452469 0.030556 0.056790
0 0.145833 0.724074 0.042361 0.069136
0 0.076042 0.739506 0.037500 0.062963
0 0.328472 0.926543 0.042361 0.061728
0 0.464236 0.855556 0.033333 0.058025
0 0.463542 0.913580 0.036111 0.053086
0 0.422222 0.947531 0.039583 0.061728
0 0.077778 0.924074 0.024306 0.034568
0 0.070139 0.827778 0.024306 0.032099
0 0.472569 0.522840 0.018056 0.027160
0 0.421875 0.453086 0.018056 0.028395
0 0.425694 0.405556 0.018750 0.027160
