0 0.404514 0.696296 0.030556 0.062963
0 0.577083 0.422222 0.025694 0.048148
0 0.630208 0.398148 0.020833 0.037037
0 0.554514 0.901852 0.029167 0.044444
0 0.177431 0.751852 0.038889 0.067901
0 0.117014 0.811728 0.038889 0.051852
0 0.104167 0.940123 0.034028 0.061728
0 0.136806 0.918519 0.025694 0.035802
0 0.113542 0.887654 0.033333 0.043210
0 0.054225 0.983025 0.034144 0.033951
0 0.180745 0.983642 0.031630 0.032716
0 0.249493 0.986728 0.023292 0.026543
0 0.685764 0.916049 0.022222 0.043210
0 0.724306 0.899383 0.018750 0.034568
0 0.713889 0.865432 0.014583 0.038272
0 0.764896 0.982407 0.027708 0.035185
0 0.692014 0.877160 0.022222 0.041975
0 0.455903 0.024074 0.020833 0.029630
0 0.145833 0.170988 0.025694 0.034568
0 0.007292 0.020988 0.011111 0.038272
