0 0.054167 0.048765 0.032639 0.046914
0 0.158333 0.045679 0.038194 0.055556
0 0.062153 0.328395 0.031944 0.048148
0 0.297569 0.603704 0.031944 0.048148
0 0.464583 0.644444 0.024306 0.048148
0 0.438889 0.692593 0.035417 0.048148
0 0.507986 0.829012 0.027778 0.044444
0 0.485565 0.978704 0.027381 0.042593
0 0.321528 0.838272 0.036806 0.062963
0 0.079861 0.782099 0.027083 0.041975
0 0.576042 0.465432 0.031944 0.053086
0 0.736458 0.629630 0.020833 0.033333
0 0.730903 0.584568 0.016667 0.029630
0 0.666319 0.626543 0.015278 0.029630
0 0.708333 0.617284 0.018750 0.025926
0 0.832986 0.211728 0.022222 0.029630
0 0.969097 0.525309 0.040278 0.051852
0 0.778472 0.537037 0.022917 0.035802
0 0.726736 0.497531 0.019444 0.028395
0 0.800347 0.080864 0.019444 0.024691
0 0.761111 0.058025 0.020139 0.030864
0 0.846875 0.027778 0.022222 0.034568
0 0.986632 0.618917 0.026736 0.063761
0 0.683333 0.392593 0.014583 0.023457
0 0.676042 0.352469 0.016667 0.022222
0 0.707639 0.455556 0.017361 0.025926
0 0.697569 0.491975 0.016667 0.029630
0 0.506944 0.649383 0.021528 0.028395
0 0.088194 0.353704 0.020139 0.041975
0 0.278125 0.125926 0.019444 0.028395
0 0.334375 0.406790 0.025000 0.034568
0 0.462153 0.839506 0.037500 0.040741
0 0.030556 0.561111 0.025694 0.024691
0 0.111111 0.476543 0.024306 0.023457
0 0.156597 0.489506 0.023611 0.019753
0 0.738542 0.417284 0.018056 0.020988
0 0.748264 0.211728 0.020833 0.027160
0 0.884028 0.634568 0.028472 0.038272
