0 0.174314 0.168308 0.044831 0.071496
0 0.585707 0.168894 0.042194 0.079700
0 0.667787 0.180614 0.057358 0.096109
0 0.703059 0.062236 0.052743 0.086732
0 0.977980 0.091538 0.035601 0.058603
0 0.976991 0.239803 0.034942 0.052743
0 0.878099 0.259142 0.029668 0.049226
0 0.986221 0.161275 0.021756 0.041022
0 0.798325 0.971167 0.065269 0.057431
0 0.548362 0.980016 0.057167 0.039967
0 0.453850 0.773090 0.058017 0.092593
0 0.372429 0.899086 0.056039 0.098453
0 0.080696 0.764299 0.060654 0.096109
0 0.124539 0.953586 0.023075 0.033990
0 0.217497 0.454290 0.027031 0.052743
0 0.199697 0.499414 0.024393 0.037506
0 0.392537 0.392171 0.022416 0.038678
0 0.396163 0.539264 0.052083 0.091421
0 0.460443 0.333568 0.040876 0.069151
0 0.500330 0.378692 0.045491 0.075012
0 0.593289 0.508204 0.052083 0.097281
0 0.628230 0.489451 0.038898 0.083216
0 0.452202 0.568565 0.017801 0.035162
0 0.335179 0.594937 0.019778 0.031646
0 0.333861 0.468940 0.017141 0.037506
0 0.817445 0.696906 0.013845 0.026957
0 0.937104 0.684599 0.021097 0.025785
0 0.753824 0.443155 0.017141 0.030474
0 0.509560 0.430263 0.016482 0.030474
0 0.539887 0.269691 0.045491 0.075012
