0 0.508241 0.202883 0.017801 0.035162
0 0.610100 0.131388 0.023734 0.039850
0 0.674710 0.125527 0.025053 0.049226
0 0.648339 0.146624 0.021097 0.035162
0 0.406711 0.126699 0.024393 0.039850
0 0.307160 0.073957 0.024393 0.037506
0 0.292656 0.021214 0.025712 0.037506
0 0.287381 0.191163 0.020438 0.030474
0 0.365836 0.198781 0.017801 0.038678
0 0.372429 0.280239 0.037579 0.060947
0 0.534942 0.270277 0.019778 0.036334
0 0.549446 0.353493 0.018460 0.029301
0 0.552413 0.393929 0.012526 0.030474
0 0.540546 0.403305 0.013845 0.021097
0 0.934138 0.290202 0.033623 0.050398
0 0.963476 0.097398 0.025053 0.030474
0 0.979958 0.389241 0.027690 0.051571
0 0.888318 0.560361 0.067247 0.098453
0 0.893262 0.745546 0.059995 0.084388
0 0.853046 0.947140 0.059995 0.098453
0 0.719541 0.902602 0.051424 0.084388
0 0.768658 0.807079 0.049446 0.064463
0 0.679033 0.981774 0.041610 0.036451
0 0.642075 0.937178 0.045491 0.071496
0 0.672732 0.899086 0.025053 0.051571
0 0.577795 0.843999 0.025053 0.035162
0 0.516152 0.914323 0.029668 0.051571
0 0.410008 0.927801 0.029668 0.038678
0 0.389241 0.975270 0.025053 0.039850
0 0.245187 0.880919 0.023075 0.038678
0 0.140361 0.858064 0.038898 0.058603
0 0.155525 0.651782 0.045491 0.072668
0 0.210575 0.605485 0.031646 0.048054
0 0.158162 0.611346 0.034942 0.048054
0 0.128165 0.593179 0.025053 0.037506
0 0.074103 0.599039 0.034283 0.049226
0 0.037184 0.553915 0.031646 0.033990
0 0.313093 0.417370 0.053402 0.089076
0 0.170029 0.446671 0.070543 0.110173
0 0.453850 0.490038 0.054061 0.093765
0 0.200026 0.371660 0.015823 0.025785
0 0.313093 0.546882 0.029668 0.048054
0 0.292985 0.538092 0.023734 0.042194
