0 0.465278 0.400000 0.040972 0.070370
0 0.717708 0.461111 0.044444 0.074074
0 0.929514 0.408642 0.038889 0.058025
0 0.577083 0.877160 0.050694 0.091358
0 0.424306 0.672840 0.038194 0.058025
0 0.195486 0.691975 0.033333 0.054321
0 0.047222 0.896296 0.038194 0.060494
0 0.455208 0.753704 0.027778 0.044444
0 0.648611 0.492593 0.046528 0.072840
0 0.613194 0.422840 0.038194 0.064198
0 0.725000 0.761728 0.013194 0.030864
0 0.475000 0.700617 0.034028 0.046914
0 0.697569 0.891358 0.013889 0.028395
0 0.564931 0.734568 0.015278 0.023457
0 0.813542 0.617284 0.016667 0.023457
