0 0.437847 0.415432 0.030556 0.049383
0 0.425347 0.501235 0.027778 0.045679
0 0.900347 0.655556 0.031944 0.053086
0 0.840625 0.687037 0.023611 0.044444
0 0.815278 0.976543 0.028472 0.038272
0 0.588194 0.920988 0.035417 0.072840
0 0.254514 0.715432 0.020833 0.034568
0 0.098611 0.713580 0.039583 0.065432
0 0.040625 0.876543 0.025000 0.055556
0 0.079861 0.263580 0.025694 0.037037
0 0.271528 0.172222 0.031250 0.054321
0 0.294444 0.168519 0.022917 0.056790
0 0.319792 0.330247 0.026389 0.039506
0 0.355556 0.437037 0.032639 0.030864
0 0.636806 0.009877 0.035417 0.016049
0 0.588889 0.217901 0.022917 0.034568
0 0.757292 0.368519 0.029167 0.037037
0 0.713542 0.304938 0.025000 0.033333
0 0.726736 0.556173 0.025000 0.044444
0 0.515625 0.662346 0.022222 0.037037
0 0.190278 0.136420 0.017361 0.027160
0 0.131597 0.743210 0.019444 0.028395
0 0.747917 0.795062 0.035417 0.058025
0 0.760417 0.834568 0.035417 0.048148
0 0.787153 0.951852 0.025000 0.040741
0 0.773339 0.987963 0.022373 0.024074
0 0.911111 0.869753 0.022917 0.039506
0 0.857292 0.851235 0.033333 0.039506
