0 0.421181 0.687037 0.020833 0.046914
0 0.717708 0.733333 0.022222 0.033333
0 0.573958 0.927160 0.022222 0.038272
0 0.844097 0.498148 0.020833 0.034568
0 0.938542 0.587037 0.011111 0.022222
0 0.967014 0.570370 0.013889 0.016049
0 0.876736 0.431481 0.019444 0.034568
0 0.772569 0.309259 0.022222 0.037037
0 0.828125 0.193827 0.025000 0.030864
0 0.856944 0.093827 0.029861 0.050617
0 0.881597 0.057407 0.025000 0.029630
0 0.609375 0.508642 0.020833 0.030864
0 0.709028 0.582716 0.018750 0.028395
0 0.654514 0.613580 0.019444 0.033333
0 0.449653 0.569753 0.025000 0.041975
0 0.727083 0.369136 0.018750 0.030864
0 0.917708 0.552469 0.011111 0.019753
0 0.919792 0.535185 0.012500 0.014815
