0 0.258703 0.156587 0.038238 0.071496
0 0.260680 0.093882 0.022416 0.037506
0 0.177611 0.078645 0.023734 0.035162
0 0.182226 0.259142 0.056698 0.093765
0 0.335509 0.340014 0.056039 0.100797
0 0.415612 0.107947 0.019778 0.042194
0 0.304852 0.016526 0.027690 0.032818
0 0.515164 0.027075 0.027690 0.042194
0 0.557358 0.049344 0.021097 0.037506
0 0.577795 0.019456 0.026371 0.038678
0 0.827004 0.191749 0.029008 0.045710
0 0.843486 0.228083 0.027690 0.041022
0 0.858650 0.153071 0.030327 0.045710
0 0.900844 0.111463 0.038238 0.053915
0 0.861617 0.017698 0.023075 0.025785
0 0.955235 0.068097 0.029668 0.049226
0 0.961828 0.154829 0.021756 0.039850
0 0.932489 0.259728 0.022416 0.036334
0 0.891284 0.271449 0.028349 0.041022
0 0.869198 0.286099 0.025053 0.049226
0 0.887658 0.299578 0.025053 0.033990
0 0.947983 0.294890 0.025712 0.041022
0 0.979628 0.330638 0.019119 0.028129
0 0.771624 0.402719 0.067247 0.094937
0 0.456817 0.314815 0.028349 0.036334
0 0.460773 0.268519 0.017801 0.028129
0 0.022350 0.245663 0.044172 0.139475
0 0.089267 0.497070 0.036920 0.051571
0 0.186841 0.442569 0.022416 0.043366
0 0.020372 0.522269 0.040216 0.092593
0 0.038502 0.512893 0.025053 0.057431
0 0.016746 0.761369 0.030327 0.066807
0 0.262329 0.624824 0.030986 0.053915
0 0.310456 0.834623 0.028349 0.049226
0 0.289359 0.878575 0.024393 0.036334
0 0.319686 0.778364 0.016482 0.032818
0 0.486485 0.751992 0.021756 0.041022
0 0.428138 0.820558 0.021097 0.030474
0 0.422864 0.842241 0.017141 0.024613
0 0.457806 0.934834 0.017141 0.033990
0 0.535931 0.802977 0.041535 0.072668
0 0.571862 0.866854 0.043513 0.083216
0 0.576806 0.792429 0.028349 0.044538
0 0.613067 0.757853 0.044172 0.085560
0 0.657898 0.672293 0.049446 0.052743
0 0.774921 0.587318 0.052743 0.082044
0 0.732068 0.763127 0.059335 0.098453
0 0.700257 0.989979 0.031316 0.020042
0 0.675699 0.940694 0.012526 0.024613
0 0.694818 0.915495 0.013845 0.023441
0 0.739979 0.907876 0.019778 0.033990
0 0.715256 0.878575 0.017801 0.031646
0 0.886340 0.702766 0.029008 0.041022
0 0.985694 0.671933 0.028613 0.052023
0 0.851727 0.892639 0.012526 0.026957
