0 0.172917 0.443210 0.029861 0.048148
0 0.064670 0.975617 0.041146 0.048765
0 0.238542 0.670988 0.030556 0.059259
0 0.451736 0.683333 0.033333 0.061728
0 0.454167 0.903086 0.031250 0.049383
0 0.457639 0.949383 0.034028 0.050617
0 0.563889 0.745679 0.035417 0.053086
0 0.518056 0.884568 0.028472 0.041975
0 0.851736 0.945679 0.037500 0.067901
0 0.959722 0.820370 0.034028 0.061728
0 0.743403 0.653086 0.041667 0.055556
0 0.666319 0.750000 0.036111 0.059259
0 0.770486 0.411728 0.022222 0.034568
0 0.591319 0.325309 0.030556 0.049383
0 0.501736 0.208025 0.018056 0.029630
0 0.585764 0.035185 0.023611 0.039506
0 0.742708 0.033333 0.020833 0.033333
0 0.749306 0.109259 0.022917 0.037037
0 0.754167 0.174074 0.021528 0.028395
0 0.764236 0.211111 0.015278 0.033333
0 0.626389 0.169753 0.015972 0.029630
0 0.646181 0.178395 0.015278 0.029630
0 0.929514 0.274074 0.016667 0.025926
0 0.973264 0.192593 0.015278 0.030864
0 0.986806 0.188272 0.014583 0.034568
0 0.968056 0.025926 0.022917 0.025926
0 0.960069 0.075309 0.015278 0.025926
0 0.977431 0.101235 0.015278 0.028395
0 0.991319 0.113580 0.016667 0.028395
0 0.984028 0.312346 0.018750 0.025926
