0 0.505556 0.377778 0.022917 0.030864
0 0.477083 0.622222 0.022917 0.038272
0 0.481597 0.699383 0.020833 0.034568
0 0.596528 0.765432 0.024306 0.035802
0 0.659375 0.950000 0.023611 0.049383
0 0.703472 0.538272 0.020139 0.038272
0 0.568403 0.522840 0.016667 0.027160
0 0.586111 0.620988 0.017361 0.030864
0 0.825347 0.361728 0.029167 0.045679
0 0.906597 0.343827 0.031944 0.056790
0 0.879861 0.345679 0.025694 0.040741
0 0.877778 0.385802 0.029861 0.044444
0 0.917361 0.443827 0.036806 0.051852
0 0.978819 0.304938 0.031944 0.058025
0 0.981597 0.425926 0.030556 0.048148
0 0.888542 0.620988 0.023611 0.045679
0 0.910764 0.640741 0.027778 0.053086
0 0.927778 0.717901 0.027083 0.032099
0 0.951042 0.902469 0.026389 0.028395
0 0.789236 0.548765 0.019444 0.029630
0 0.801042 0.522222 0.018056 0.028395
0 0.761806 0.334568 0.031250 0.038272
0 0.800694 0.301852 0.024306 0.029630
0 0.972917 0.111728 0.032639 0.044444
0 0.906597 0.017284 0.026389 0.033333
0 0.883333 0.158025 0.024306 0.030864
0 0.871875 0.526543 0.025000 0.037037
0 0.948611 0.303086 0.025694 0.044444
0 0.734028 0.498148 0.015972 0.022222
0 0.844444 0.459877 0.017361 0.029630
0 0.993924 0.622222 0.012153 0.025926
0 0.436458 0.444444 0.015278 0.028395
