0 0.409028 0.225309 0.031250 0.051852
0 0.490972 0.139506 0.039583 0.070370
0 0.620486 0.600617 0.043056 0.086420
0 0.727431 0.462346 0.030556 0.051852
0 0.663542 0.364198 0.051389 0.082716
0 0.677083 0.274691 0.042361 0.074074
0 0.328125 0.280864 0.041667 0.071605
0 0.275694 0.359259 0.034028 0.060494
0 0.318056 0.464198 0.025694 0.050617
0 0.306597 0.516049 0.029167 0.053086
0 0.305556 0.601235 0.027083 0.045679
0 0.340625 0.587654 0.030556 0.050617
0 0.265625 0.609259 0.031944 0.049383
0 0.335069 0.741975 0.025000 0.055556
0 0.301042 0.745679 0.034722 0.060494
0 0.357639 0.909877 0.017361 0.030864
0 0.343403 0.917901 0.018056 0.032099
0 0.094792 0.351235 0.030556 0.051852
0 0.056250 0.467284 0.022917 0.039506
0 0.144444 0.430864 0.027083 0.035802
0 0.051736 0.854938 0.013889 0.024691
0 0.043750 0.299383 0.022917 0.034568
0 0.183681 0.247531 0.040278 0.064198
0 0.106944 0.020370 0.032639 0.039506
0 0.034375 0.059877 0.016667 0.032099
0 0.035417 0.125309 0.013194 0.019753
0 0.237847 0.108642 0.027778 0.043210
0 0.217361 0.100000 0.015972 0.038272
0 0.465625 0.453086 0.016667 0.028395
0 0.434028 0.530864 0.017361 0.030864
0 0.707292 0.182716 0.030556 0.048148
0 0.677778 0.074691 0.031250 0.051852
0 0.868750 0.130247 0.032639 0.044444
0 0.899306 0.214815 0.020139 0.030864
0 0.557986 0.158642 0.011111 0.022222
0 0.390972 0.327160 0.014583 0.018519
0 0.393750 0.482716 0.013194 0.018519
0 0.486111 0.451852 0.014583 0.023457
0 0.357639 0.485802 0.011806 0.024691
0 0.119792 0.389506 0.030556 0.032099
0 0.880556 0.616049 0.022917 0.043210
0 0.853472 0.619753 0.029861 0.048148
0 0.850000 0.797531 0.021528 0.033333
0 0.960069 0.920370 0.022222 0.037037
0 0.904167 0.922222 0.020139 0.028395
0 0.850694 0.564815 0.027083 0.037037
0 0.797917 0.469136 0.028472 0.043210
0 0.759028 0.240123 0.024306 0.041975
0 0.790278 0.183951 0.021528 0.028395
0 0.591319 0.193210 0.020833 0.024691
